77 1 39
10 60 55
46 22 62
49 3 76
3 44 66
90 18 35
48 15 69
29 27 81
32 76 76
40 64 3
50 62 17
25 55 47
84 45 48
7 28 57
69 40 80
26 54 61
36 37 8
89 55 60
28 56 92
91 47 67
2 3 6
74 22 73
52 13 68
19 23 95
20 84 12
45 14 60
56 0 48
74 68 21
77 57 33
77 57 66
15 5 90
83 16 83
83 50 65
88 88 60
74 41 74
57 34 93
21 15 76
80 71 2
63 39 47
3 71 55
46 53 89
41 76 62
68 96 43
78 43 12
89 52 96
70 15 65
23 39 50
97 18 62
26 15 80
76 93 58
39 16 65
68 11 91
39 61 25
73 3 6
42 28 90
95 24 13
68 17 51
83 96 45
43 76 53
64 73 32
85 3 53
33 44 58
68 10 23
3 91 19
53 20 46
60 26 65
5 57 0
19 6 20
41 24 52
35 58 91
96 59 85
0 45 1
78 89 34
35 89 33
12 9 35
5 20 18
0 83 5
25 80 79
39 78 19
67 86 64
85 89 62
74 13 82
68 20 8
70 35 63
96 63 84
34 18 11
68 14 74
26 26 76
71 40 49
14 11 32
62 61 8
89 23 1
49 74 38
18 19 88
38 36 1
42 9 73
9 51 44
18 80 43
60 37 38
30 76 13