60 83 26
86 48 68
83 26 58
19 89 84
69 84 68
62 89 50
47 91 82
29 63 33
51 17 61
54 93 44
39 18 13
98 33 65
25 92 32
91 35 51
68 40 38
35 47 63
36 23 23
60 41 84
52 93 84
34 43 71
53 50 78
93 84 7
54 26 20
70 1 6
73 86 42
27 4 80
56 37 71
93 37 6
97 67 17
90 26 87
8 33 32
17 38 98
51 37 7
60 74 42
47 79 73
29 33 25
42 57 29
59 97 63
13 77 76
38 43 23
78 7 92
12 50 70
71 1 69
12 8 4
8 93 64
92 54 19
84 90 55
74 65 93
9 98 59
53 52 88
17 70 43
6 42 66
77 72 61
0 13 47
60 50 63
85 14 77
7 89 46
25 20 98
73 42 49
49 69 50
4 91 67
95 70 60
13 12 93
26 77 90
42 89 51
82 75 21
87 32 68
59 85 61
65 75 29
13 93 97
36 80 97
76 39 69
55 11 93
30 76 3
54 42 93
71 87 34
69 29 85
62 16 48
24 85 73
70 72 11
48 24 93
21 93 24
92 20 39
89 55 93
17 3 88
2 1 96
50 71 74
74 30 37
90 12 1
70 4 35
18 59 79
6 87 6
77 91 20
7 50 69
25 21 57
31 73 28
29 47 74
6 71 95
94 81 46
11 58 48
45 3 95
44 70 37
69 57 20
64 93 23
60 44 88
53 53 1
45 51 47
14 55 28
65 64 68
88 22 96
54 96 91
2 21 79
98 72 12
22 56 23
37 20 75
27 10 59
61 66 63
45 17 59
77 63 73
73 34 56
39 27 97
58 44 0
73 7 39
0 51 52
94 47 20
55 38 78
85 63 57
77 13 45
12 94 74
61 52 45
80 46 25
4 14 75
34 73 24
8 97 34
59 98 46
39 84 72
71 59 13
95 67 57
33 68 54
92 3 5
36 69 36
79 58 38
25 62 76
93 68 52
56 39 33
30 86 68
82 95 31
6 94 76
39 8 65
78 86 20
53 38 9
66 23 43
46 42 69
92 46 51
89 67 63
69 15 85
35 47 56
57 96 29
62 11 23
41 37 62
57 89 81
36 1 67
47 28 19
36 32 16
74 94 56
26 27 47
33 44 61
31 27 49
78 48 23
26 90 33
57 39 44
52 57 79
5 30 4
93 50 97
13 96 80
95 30 74
51 50 73
19 17 39
20 95 56
36 35 19
70 3 51
87 91 96
52 72 24
73 10 56
13 14 5
82 20 45
8 68 86
39 68 85
96 5 11
55 34 96
9 35 12
18 6 9
77 87 41
70 37 39
67 96 42
83 14 94
58 71 88
44 12 95
18 21 16
49 94 45
31 71 30
72 74 24
51 1 5
21 36 44
0 75 40
5 40 19
92 41 76
77 61 15
35 2 32
82 22 77
85 89 87
57 7 12
41 98 65
68 19 9
36 59 55
52 68 35
97 94 2
61 93 11
20 87 23
25 98 2
20 6 34
98 4 69
48 65 55
35 94 57
48 85 15
93 89 92
2 2 39
6 95 86
18 57 3
6 56 49
76 7 38
7 75 65
97 8 60
59 83 41
11 3 71
40 21 62
90 38 54
84 95 60
38 36 24
58 62 20
11 11 12
68 4 84
98 91 89
65 71 34
9 73 89
18 9 76
11 85 52
30 90 68
6 90 35
31 53 48
46 82 56
75 85 73
52 73 47
39 17 50
81 74 37
90 10 96
38 96 5
66 85 27
35 10 37
94 0 33
39 28 21
63 87 32
75 22 59
61 36 2
63 41 37
61 41 32
83 48 36
4 64 5
69 32 7
19 32 2
36 13 57
54 7 95
81 9 56
47 0 37
98 11 24
62 29 53
22 26 7
48 47 41
3 31 19
63 72 75
82 57 53
38 5 57
45 45 71
27 10 63
25 66 60
53 86 85
20 82 94
14 36 25
72 46 11
64 76 34
37 64 27
38 3 91
97 82 85
4 54 63
75 41 75
87 31 29
45 55 88
91 8 13
94 63 85
36 15 95
37 63 47
41 74 95
38 14 97
58 4 8
17 49 14
97 10 36
30 21 35
42 10 82
75 86 96
37 76 12
58 2 87
16 30 17
48 15 2
61 63 88
41 81 95
90 1 26
62 94 28
95 90 21
48 93 44
57 0 63
19 96 5
75 79 61
46 71 66
8 38 6
27 69 66
8 47 14
44 35 27
65 23 31
32 66 87
6 81 32
83 87 57
86 70 88
25 58 78
92 30 23
31 43 93
33 71 19
58 36 32
27 60 68
34 63 75
87 75 67
87 58 52
85 27 42
77 73 11
67 35 35
53 90 64
40 67 12
80 19 74
58 93 92
18 65 20
66 68 74
4 52 33
4 62 0
95 88 37
32 49 89
90 14 8
79 8 95
4 35 92
25 51 90
97 32 9
7 32 46
51 75 1
34 25 60
73 89 29
53 55 74
43 21 37
10 96 93
32 33 83
42 48 37
36 91 68
3 80 9
77 71 38
1 60 88
95 76 26
20 79 21
59 75 83
45 74 13
51 79 41
15 16 26
15 32 69
44 28 91
23 50 23
17 34 47
88 28 12
9 45 58
10 20 59
56 67 39
15 83 55
72 38 87
61 2 6
82 17 47
66 12 2
92 10 48
62 49 82
45 16 3
67 17 26
27 23 3
45 16 15
37 90 53
11 40 85
98 20 0
21 38 33
23 16 35
4 12 32
58 22 0
89 98 93
1 52 0
85 87 84
76 42 60
12 43 41
1 33 75
3 3 80
38 55 82
79 81 64
68 18 44
3 19 42
61 64 90
14 39 79
42 72 5
48 46 42
14 46 51
30 64 41
14 56 19
82 13 28
46 42 35
74 18 76
24 22 34
64 54 61
66 85 33
28 72 87
59 1 32
36 66 8
40 76 75
96 6 52
2 53 69
0 69 67
87 35 82
57 16 52
71 7 36
22 72 52
78 44 22
42 16 4
79 56 7
43 94 95
90 84 22
57 71 59
60 37 34
1 93 17
73 5 92
94 66 41
55 94 8
91 25 37
33 35 75
98 20 35
13 67 80
0 79 36
25 69 61
83 11 55
81 4 64
4 23 88
95 65 17
48 19 80
68 66 5
46 6 91
29 95 97
56 68 61
86 85 53
6 35 74
71 90 31
60 91 34
23 90 69
42 20 71
56 43 22
45 56 45
25 51 40
32 64 58
28 44 55
35 52 90
31 82 24
78 38 15
90 11 47
83 45 23
58 30 80
27 14 68
71 20 63
7 14 54
16 83 33
28 22 5
42 39 82
44 3 74
88 40 25
31 93 94
25 69 96
67 38 56
43 85 87
47 13 71
78 44 17
26 5 15
95 86 38
30 38 47
74 37 59
41 23 55
88 89 15
84 31 0
39 16 17
0 5 32
44 47 73
39 84 75
81 73 27
51 50 4
6 37 63
82 50 74
29 6 92
88 10 68
65 37 73
54 13 84
32 70 48
52 18 53
5 42 12
3 6 81
8 79 29
58 98 56
33 78 84
94 32 7
95 96 32
23 46 25
66 40 45
32 1 64
2 11 82
13 80 34
84 28 4
7 88 6
1 33 35
43 31 78
55 21 87
29 15 10
35 41 85
59 78 75
52 5 3
19 5 29
48 37 24
91 76 32
30 21 72
40 37 95
43 33 13
61 85 38
20 52 83
57 86 29
38 83 46
36 29 51
38 88 23
74 66 32
97 98 5
91 33 6
4 13 81
60 66 29
57 64 50
22 3 82
55 50 43
28 58 85
87 63 44
80 60 62
31 0 6
64 56 94
66 39 38
63 70 8
16 36 48
0 20 60
16 12 40
88 86 51
63 2 75
38 28 32
77 66 37
90 47 49
13 51 97
21 57 66
9 29 60
73 10 87
90 39 13
85 55 45
27 80 22
23 95 43
4 94 2
20 50 29
53 9 14
18 98 36
97 83 91
57 76 1
62 59 27
63 42 71
30 55 3
69 1 85
3 26 87
41 41 65
54 78 39
27 64 89
8 17 42
30 71 9
27 63 76
88 81 86
17 73 61
12 69 49
14 44 66
29 19 0
79 25 51
68 27 39
3 41 88
21 74 14
36 10 89
35 78 67
7 54 52
70 6 9
65 28 83
28 67 26
4 7 95
88 76 55
91 77 7
83 2 30
53 2 12
47 15 83
87 17 87
78 29 67
92 20 0
90 35 10
13 89 83
83 12 41
54 2 39
42 17 51
9 71 24
1 96 52
8 62 68
15 1 27
75 83 61
93 67 46
11 14 76
79 28 44
59 93 61
87 0 98
85 11 98
71 38 79
10 93 34
27 20 54
2 46 83
60 21 76
90 80 11
35 71 59
54 21 78
63 30 38
57 98 53
0 39 27
10 3 78
15 48 74
80 21 30
6 38 95
43 57 75
52 59 96
36 37 72
21 38 56
69 81 92
25 47 80
52 7 95
92 35 77
56 16 57
98 47 64
84 0 68
47 12 94
94 21 58
26 52 3
77 93 8
35 60 62
9 33 19
71 96 22
53 46 92
60 91 4
94 71 13
82 50 69
77 61 88
31 10 40
18 81 82
50 71 7
85 97 42
58 2 30
86 24 98
85 24 36
35 37 79
79 63 61
13 88 82
81 79 81
20 4 67
60 73 21
74 31 89
36 88 19
1 8 63
31 12 92
89 32 62
64 82 93
73 91 40
55 36 53
44 0 66
95 14 79
36 21 47
26 35 50
29 95 27
47 31 40
10 42 48
62 0 25
92 40 28
31 89 77
27 47 88
72 88 12
59 98 54
96 78 73
3 50 6
75 5 37
97 0 18
74 64 59
87 59 68
57 50 17
28 21 46
51 60 39
37 56 82
3 92 71
89 26 87
80 76 60
0 52 11
23 25 85
13 88 58
65 18 22
15 79 95
32 22 26
89 21 33
55 63 24
82 14 33
43 25 41
86 0 68
38 5 27
61 66 13
90 50 82
16 87 80
76 92 84
84 98 59
70 66 96
23 4 48
31 11 42
37 34 69
58 38 2
79 94 6
46 80 51
35 90 30
58 49 46
93 49 55
66 91 49
11 98 92
66 49 85
23 85 7
31 72 93
4 44 7
64 12 74
12 85 77
44 85 82
59 94 81
0 63 40
62 27 67
93 12 27
52 41 40
86 75 77
6 70 59
0 57 44
66 24 90
62 19 31
48 69 88
8 14 26
78 3 48
9 28 49
40 16 27
25 0 39
71 4 22
93 46 22
50 48 68
15 19 40
87 46 34
38 97 77
8 89 83
96 85 82
72 2 8
36 63 28
30 78 48
80 8 71
32 70 38
60 32 70
70 37 24
2 42 84
85 65 55
90 57 36
64 2 83
30 81 42
23 19 93
62 71 83
17 98 12
47 4 25
18 90 76
19 49 59
18 77 75
88 59 69
89 44 45
78 88 35
57 43 2
85 61 73
5 92 17
67 32 38
93 56 87
61 28 19
37 78 32
77 31 20
93 29 24
13 96 15
28 62 81
31 33 10
10 59 42
13 63 0
47 88 67
79 83 72
13 77 31
6 97 80
87 32 97
79 19 92
63 52 47
40 93 36
2 51 42
84 52 20
3 15 91
5 75 96
35 78 65
10 72 73
94 89 16
48 81 14
37 3 57
45 14 41
94 6 92
72 36 14
53 31 95
6 85 77
68 67 82
72 50 95
58 34 40
8 7 29
66 7 59
65 69 65
61 78 41
8 62 80
14 20 10
4 65 55
56 31 17
30 42 87
71 98 25
14 64 60
81 80 48
35 26 74
15 26 52
15 65 59
32 92 42
14 60 53
77 70 96
94 70 36
75 26 2
4 58 96
23 35 29
91 86 23
98 73 0
33 76 6
19 82 8
33 52 4
62 2 36
41 35 9
36 15 0
13 36 88
24 25 34
55 68 85
12 22 50
76 4 60
62 62 39
81 28 45
87 76 64
47 10 26
42 43 76
59 18 70
79 10 25
32 35 74
31 9 67
2 79 97
6 51 24
43 45 47
32 43 73
7 10 62
81 63 55
46 43 43
72 22 45
25 85 1
66 93 75
38 71 77
49 16 20
43 26 69
57 86 57
71 19 84
55 12 27
5 29 25
28 59 21
20 93 29
60 38 82
8 22 16
5 54 52
63 58 23
74 63 38
75 58 3
34 75 24
3 10 79
15 39 39
78 50 96
85 24 65
86 86 75
11 7 21
3 97 34
27 94 40
12 64 39
52 56 78
5 75 54
8 73 60
26 9 42
97 45 61
11 37 51
89 12 94
81 85 54
29 22 42
89 91 62
19 57 89
38 35 60
3 92 66
45 37 52
18 73 8
16 50 2
13 57 93
10 43 26
42 26 58
83 63 84
70 29 12
87 48 10
4 26 62
71 70 55
90 87 51
19 16 51
2 67 45
29 3 86
83 77 92
67 34 26
67 57 81
42 19 29
59 85 27
40 18 22
46 35 20
1 75 6
49 32 40
0 25 94
58 48 58
77 16 33
31 13 37
61 7 5
58 89 44
44 33 77
13 23 83
62 76 87
39 38 57
57 46 4
48 21 95
87 14 62
4 79 60
9 72 25
52 86 77
0 90 74
12 55 72
91 89 79
93 21 7
3 68 48
66 16 95
64 30 4
10 66 22
90 12 37
36 81 11
41 75 37
47 47 7
65 26 14
62 22 34
19 7 13
65 72 39
42 37 53
67 46 55
58 0 22
19 64 19
15 61 41
47 79 43
1 43 32
53 81 90