85 72 53
13 69 96
0 55 29
72 94 37
85 71 98
40 77 45
19 28 38
75 44 50
88 34 67
69 94 62
71 77 6
88 66 46
48 0 75
38 52 80
4 51 6
75 27 62
5 97 20
5 94 71
86 98 9
71 8 34
13 82 34
94 71 5
22 3 16
60 28 49
32 9 57
91 26 92
64 57 15
71 47 64
84 72 94
84 97 0
87 77 1
94 21 53
57 28 83
8 68 89
91 22 79
79 78 15
45 93 52
82 38 8
21 62 13
5 24 21
82 73 64
58 82 73
28 8 86
31 9 93
90 31 62
14 56 19
40 90 8
52 9 68
89 86 17
83 69 10
29 7 37
9 6 96
77 64 67
76 18 55
74 5 49
87 71 90
73 20 94
61 6 34
13 59 68
40 4 60
24 91 48
26 84 48
39 51 1
80 62 94
49 34 31
21 2 79
94 34 1
25 30 23
90 7 14
78 83 91
4 12 57
81 20 64
30 55 11
11 3 28
70 91 60
46 70 16
40 21 70
70 14 28
53 38 24
77 64 8
98 20 77
11 12 29
25 53 11
43 85 18
22 53 30
85 67 91
27 33 49
29 60 26
59 17 90
68 43 50
78 8 7
48 42 72
64 23 49
37 77 9
60 19 69
18 27 12
12 94 5
88 98 48
23 13 42
21 23 35
58 15 17
54 23 57
0 70 29
30 73 69
98 13 13
31 33 92
96 75 69
31 24 1
52 9 17
32 50 2
37 3 68
60 93 96
17 28 6
79 80 64
90 31 86
70 63 43
13 89 42
19 83 74
95 43 12
7 26 5
86 59 11
88 13 4
11 49 50
2 54 41
12 78 42
73 55 71
70 36 75
0 80 31
32 81 23
20 75 7
17 29 44
60 16 98
32 57 19
4 56 70
87 51 1
80 85 88
97 27 51
31 38 77
14 64 2
85 22 73
30 72 12
64 91 3
49 86 70
14 98 63
34 92 34
78 18 79
84 2 88
41 22 57
73 32 29
91 9 29
75 9 61
22 92 31
91 93 86
35 90 55
67 12 73
32 71 5
50 49 23
88 15 3
63 56 47
50 11 76
29 11 3
51 92 7
30 49 44
61 66 70
21 89 19
92 1 18
12 89 51
19 42 26
29 10 22
95 66 52
96 73 59
66 61 19
53 19 32
89 51 84
92 92 22
13 75 31
54 41 15
63 18 97
14 50 30
12 20 23
69 58 43
58 1 67
72 31 57
15 24 57
7 52 68
37 84 95
77 62 77
62 24 40
89 10 19
61 63 82
1 35 31
89 25 72
73 48 66
33 27 78
52 98 18
44 47 60
48 90 86
2 49 53
28 59 77
63 73 34
55 14 1
71 89 91
51 98 48
60 61 51
25 94 9
30 40 44
17 44 45
72 25 29
22 61 47
54 13 47
60 67 60
36 36 44
14 82 18
64 5 45
60 69 19
56 85 97
50 68 5
38 70 98
29 0 2
97 48 38
23 41 98
49 48 64
26 77 74
29 75 65
25 38 75
36 70 93
51 57 34
22 7 13
75 92 35
84 44 55
76 22 33
64 32 52
0 69 34
83 59 41
24 14 93
93 76 86
51 28 52
77 2 88
44 44 90
57 88 33
77 39 21
57 90 39
44 53 42
70 33 57
1 96 38
17 41 41
68 3 73
57 44 76
34 31 44
27 66 9
79 59 46
42 1 96
19 82 97
73 98 58
6 2 36
93 10 74
98 53 88
84 63 50
40 75 44
29 45 9
45 42 95
53 89 24
76 92 90
29 2 54
72 41 53
70 85 17
21 2 86
58 28 59
40 87 89
80 72 33
26 44 54
11 13 23
37 32 85
4 28 66
96 44 43
11 47 43
63 43 40
87 23 56
87 8 38
8 81 88
0 53 63
86 28 43
96 53 30
36 8 43
33 5 77
20 5 43
90 23 11
61 42 61
60 78 47
14 36 93
72 19 91
61 14 90
50 75 42
92 70 96
48 40 32
72 23 32
12 15 17
52 46 21
57 95 45
61 65 50
30 70 35
69 65 26
14 54 23
14 31 70
94 50 51
31 57 29
71 72 64
52 3 69
54 6 37
33 1 46
5 73 13
43 40 98
78 71 17
69 66 22
14 30 69
27 36 76
45 10 3
68 8 96
14 72 92
36 58 34
42 10 84
57 94 44
58 32 46
58 45 16
30 29 18
92 15 86
60 4 61
92 56 0
64 6 73
19 20 84
35 55 9
12 46 45
37 18 83
91 85 93
70 62 45
66 84 48
53 83 6
66 54 87
72 46 85
70 54 51
54 32 71
43 24 74
63 28 16
24 90 54
78 62 20
7 90 31
24 61 82
58 89 42
28 60 53
52 32 60
96 36 58
38 33 67
81 83 57
47 15 66
10 33 65
88 8 32
88 70 3
15 69 48
2 43 45
69 57 25
77 94 52
45 44 39
39 65 56
15 51 22
33 49 29
82 60 11
89 92 23
90 49 69
79 31 66
59 53 34
10 49 38
38 51 43
4 73 84
18 37 86
43 4 27
56 24 30
94 0 45
25 85 97
87 52 18
82 30 24
32 27 48
34 26 21
95 19 70
28 88 52
90 33 7
55 71 56
7 33 79
81 78 78
43 54 0
70 6 72
73 5 73
93 81 81
26 84 79
26 95 12
64 62 44
10 11 52
50 29 7
59 3 4
55 78 37
67 5 46
78 74 44
17 81 92
83 76 5
51 27 55
61 58 16
64 94 19
75 12 67
28 71 94
41 15 55
8 96 0
70 80 8
8 25 67
96 62 7
13 36 21
65 34 9
43 58 68
47 62 41
46 87 50
93 73 3
69 50 18
89 5 45
42 46 97
16 20 48
14 22 30
55 89 16
48 96 39
64 78 75
13 69 41
0 51 63
34 95 66
15 64 86
89 19 77
5 69 47
81 28 50
85 86 39
96 13 85
83 82 34
19 2 25
70 58 0
66 48 4
17 4 53
63 58 96
5 52 49
59 16 25
95 5 25
51 10 93
45 14 35
76 96 85
13 52 45
63 14 69
93 98 68
61 56 80
98 22 48
10 20 54
51 24 98
13 58 25
61 41 26
72 52 16
23 17 92
6 68 80
28 53 48
61 3 11
81 34 60
43 61 60
84 56 95
23 29 98
32 81 19
29 83 93
37 30 80
98 83 27
80 70 56
32 21 16
85 45 60
36 34 85
80 93 7
72 20 24
93 1 84
36 12 22
81 57 66
62 96 86
70 90 16
32 26 74
54 45 88
40 24 47
37 10 51
20 45 27
58 5 21
5 40 43
82 25 63
52 3 63
61 54 90
31 52 33
94 53 31
3 4 37
66 63 35
16 37 23
77 4 74
60 81 18
19 13 12
89 15 83
25 20 44
74 74 96
83 61 85
31 96 39
91 45 18
25 85 84
51 60 44
7 43 66
41 57 82
51 76 23
63 84 89
98 42 14
94 20 18
2 51 60
17 62 39
83 54 49
11 39 18
66 29 50
65 69 38
69 91 38
24 40 90
73 6 22
52 58 63
26 6 44
66 15 49
18 56 32
27 93 88
28 52 92
47 76 1
8 82 70
5 10 81
31 80 18
49 68 63
68 35 57
88 7 32
48 51 92
91 15 18
38 71 36
75 71 75
88 38 45
81 16 85
88 79 60
84 35 89
90 82 46
44 22 67
93 24 64
6 51 73
13 21 93
37 25 41
5 96 20
71 42 91
90 46 19
10 80 15
14 50 71
78 42 65
74 11 67
49 34 71
86 77 92
46 38 51
88 0 72
72 22 21
43 93 28
12 39 4
85 63 62
88 88 51
77 96 15
73 59 37
14 63 5
16 63 52
74 64 42
77 74 44
77 63 94
94 52 13
74 35 74
42 75 7
23 32 94
75 18 46
91 53 9
51 33 55
64 0 18
36 33 88
88 48 38
97 83 53
41 94 59
49 51 57
38 78 72
2 32 6
81 32 32
37 48 93
46 59 70
34 3 71
77 69 64
74 92 31
7 28 26
62 76 18
43 94 44
11 9 40
25 25 7
43 76 63
91 83 26
53 22 90
18 96 18
32 28 30
54 88 55
59 4 43
27 20 46
44 42 22
46 91 29
85 96 29
46 35 57
30 44 17
87 22 65
52 14 55
28 39 73
53 39 63
78 75 26
39 96 39
9 54 41
67 72 67
84 22 18
89 80 57
63 1 44
58 46 13
50 87 92
69 78 26
18 64 33
29 20 1
65 25 47
0 15 61
31 11 84
12 81 48
88 36 74
64 88 85
68 29 74
82 17 76
41 12 75
39 18 39
32 20 79
53 6 61
5 3 24
80 70 47
10 65 9
33 49 50
63 51 84
1 56 57
78 77 59
34 5 98
69 72 29
85 64 1
28 35 36
21 47 44
74 60 69
31 97 89
24 68 21
93 47 72
73 79 74
49 81 69
26 84 53
21 16 59
20 8 22
16 19 44
13 91 15
12 45 74
95 24 2
15 5 1
94 46 26
69 83 47
37 8 27
0 28 12
54 7 10
51 59 29
74 21 36
63 50 70
93 5 6
60 89 14
57 86 62
35 69 40
50 62 5
45 29 53
44 50 9
52 86 38
97 88 83
66 24 11
52 9 23
77 0 75
51 84 51
1 16 26
76 53 5
83 0 88
76 42 53
84 13 59
35 17 24
80 56 35
10 88 9
30 94 79
49 85 86
33 49 56
9 78 21
1 93 2
90 96 53
46 55 93
62 29 42
29 32 66
35 11 97
54 52 16
51 43 75
39 44 66
87 87 70
41 93 18
47 30 36
43 27 60
67 7 38
34 93 70
14 19 18
36 38 14
9 98 72
86 34 51
47 35 81
28 13 0
35 14 62
53 48 97
7 42 10
37 45 71
92 88 85
77 2 53
30 73 75
65 48 74
19 52 51
3 60 17
67 43 96
32 22 0
84 44 41
84 31 51
85 42 9
0 31 31
62 76 45
32 23 80
87 8 89
67 27 32
24 32 41
60 26 33
24 38 62
14 30 25
42 57 49
51 44 30
79 24 51
89 78 85
24 33 43
37 29 18
64 6 26
41 6 61
80 2 52
1 94 46
69 62 89
23 35 44
31 85 94
89 14 64
22 66 98
11 67 1
21 48 6
65 83 86
2 17 63
84 58 35
55 79 11
15 47 9
93 52 53
44 5 7
48 9 65
0 96 5
87 86 55
79 2 81
8 88 77
33 79 45
76 67 71
61 57 89
31 39 94
78 88 76
41 81 67
40 23 92
0 28 10
26 61 88
91 40 61
75 45 43
28 50 61
12 32 83
77 90 43
92 24 98
83 83 19
55 8 75
80 43 43
65 49 98
55 5 12
63 45 40
67 30 10
76 50 83
32 44 45
37 37 10
1 90 42
70 29 35
44 58 71
73 70 52
82 79 27
43 24 47
2 22 68
65 64 44
50 54 36
37 7 23
13 41 21
87 53 37
57 54 44
3 79 93
11 68 22
95 41 56
76 32 51
10 63 86
32 78 51
16 63 62
71 82 33
9 26 59
34 92 39
50 42 65
62 83 80
66 27 18
68 7 78
91 48 74
22 84 35
89 63 89
5 60 27
1 66 94
98 12 96
8 26 74
30 37 97
6 8 18
24 74 39
75 14 51
62 22 52
29 97 83
79 38 65
79 79 33
50 59 79
23 47 71
83 23 92
72 64 38
84 91 65
87 25 86
66 27 91
76 8 9
71 96 63
21 21 56
20 59 88
78 12 91
8 93 15
95 44 29
40 38 46
47 5 37
42 59 81
93 91 85
26 4 6
52 61 61
14 32 16
57 66 9
9 15 55
18 4 76
11 42 26
22 69 65
0 50 78
85 41 75
32 50 83
78 28 45
43 50 63
88 24 7
94 79 52
0 1 65
91 41 26
18 96 81
2 94 44
14 57 35
77 65 84
79 85 3
55 50 57
61 7 9
36 12 72
7 6 83
74 3 73
88 52 58
75 15 12
24 17 15
5 79 98
61 24 73
68 94 34
57 27 8
63 62 38
55 82 30
62 93 58
39 15 1
32 4 36
87 66 84
62 98 65
46 47 39
68 26 43
93 97 26
56 8 23
24 8 71
12 83 9
25 20 38
6 21 60
9 26 22
30 74 91
63 25 93
82 37 32
56 44 50
52 76 73
84 58 1
25 48 87
79 27 41
89 64 28
63 83 32
16 0 95
4 14 70
70 20 84
79 11 67
24 50 90
90 88 89
69 2 14
54 47 28
5 8 54
51 53 44
24 64 76
4 34 74
86 81 65
81 86 12
86 22 57
55 24 50
81 51 41
21 12 86
31 75 85
46 77 92
65 40 26
67 78 75
69 77 97
24 55 54
34 71 65
49 74 75
49 93 19
46 39 51
54 50 2
67 33 8
46 63 11
68 30 52
18 1 83
15 62 80
2 4 59
78 32 79
24 63 28
2 88 96
17 18 96
58 79 42
30 82 38
60 61 95
74 71 63
19 41 52
57 98 32
91 94 49
33 94 57
34 3 4
59 94 61
44 50 53
19 43 89
27 20 70
21 70 15
40 34 61
40 91 72
34 21 4
3 44 84
11 34 7
31 13 76
48 53 35
51 66 93
59 9 17
67 66 42
77 75 83
0 8 90
71 86 7
95 0 27
25 7 83
61 77 45
84 65 56
57 93 48
84 17 89
29 28 9
21 75 23
19 8 5
73 17 88
73 98 67
91 80 56
81 40 50
15 42 0
76 4 36
51 21 57
82 35 33
40 98 51
39 40 51
96 19 20
79 52 28
60 80 47
47 15 33
31 2 74
88 74 42
86 90 33
19 21 34
13 66 63
11 88 18
21 39 32
11 88 33
52 22 49
98 15 18
33 38 16
16 50 64
91 68 58
22 48 31
49 56 93
75 93 56
71 86 76
62 39 51
64 1 65
79 96 8
81 40 67
58 64 25
37 17 64
46 4 22
94 68 28
90 69 82
95 36 60
50 13 82
59 35 55
71 73 83
96 42 42
7 87 97
88 54 33
51 12 87
35 88 0
87 59 81
42 75 0
5 82 26
44 50 46
34 8 34
14 98 15
44 10 56
94 85 2
8 52 38
74 89 15
61 83 30
82 38 41
28 35 68
3 31 23
19 86 67
41 25 59
32 30 41
37 8 59
85 91 74
71 54 47
24 7 91
42 84 31
31 59 43
84 5 13
10 95 0
45 9 4
2 10 3
94 51 74
16 94 27
32 66 3
38 35 44
44 24 61
80 4 9
19 22 61
10 51 80
85 34 39
5 63 53
21 53 30
14 41 53
42 63 13
73 85 81
39 29 31
16 54 2
66 39 64
59 14 66
45 4 3
87 29 30
17 17 52
71 30 41
33 15 87
55 91 53
6 35 62
42 63 77
22 31 80
77 74 59
54 40 79
85 72 82
47 59 20
36 42 48
9 2 46
50 10 80
78 38 40
49 48 18
76 30 38
11 49 56
3 82 15
0 90 91
91 36 37
66 56 36
7 54 55
25 35 23
37 61 39
67 30 30
36 78 19
2 66 39
98 6 43
13 22 65
83 2 15
42 27 55
14 26 63
39 31 29
79 85 46
28 29 50
71 31 44
69 48 37
92 78 74
95 19 51
6 73 73
75 60 64
30 2 2
20 82 68
74 74 1
92 78 0
42 49 34
60 81 19
56 38 88
6 71 1
0 35 27
75 56 53
39 64 57
37 81 0
57 67 46
48 75 26
75 92 97
89 12 18
76 33 18
29 96 68
79 94 39
82 28 59
2 79 17
47 71 42
30 78 10
7 87 65
0 56 52
51 44 91
86 55 41
0 56 43
45 82 65
67 39 62
16 92 68
43 91 33
54 72 22
14 8 1
13 0 56
23 85 9
88 34 24
64 52 31
52 40 82
44 68 64
43 83 67
94 49 57
4 61 5
14 45 27
20 38 20
38 27 36
29 67 53
36 96 86
60 28 55
42 40 73
30 57 49
18 50 30
42 49 66
10 56 51
27 57 87
34 30 61
11 16 58
10 55 67
25 48 22
62 40 0
18 76 41
38 49 45
87 29 36
88 24 44
30 72 6
39 24 10
51 46 83
41 34 29
14 82 46
23 59 91
75 81 97
38 23 30
94 17 29
37 35 30
33 92 97
91 6 3
38 94 65
2 71 35
97 87 77
78 13 18
47 1 22
86 79 39
23 34 87
53 57 79
0 86 71
43 84 1
53 2 85
53 42 14
54 72 83
97 84 85
11 83 16
57 56 84
45 93 44
96 93 63
20 61 14
29 66 67
85 44 12
62 43 43
78 35 93
6 61 36
39 67 2
49 87 6
18 79 39
18 92 1
82 86 76
83 80 2
58 69 18
17 41 64
6 85 62
82 83 27
5 68 21
63 95 87
38 75 79
0 87 20
56 82 93
62 86 94
36 75 75
60 83 91
79 38 14
76 57 73
32 47 81
14 11 44
42 97 74
20 52 12
31 13 6
73 25 23
7 54 95
19 45 54
73 71 59
95 97 12
19 71 57
2 69 23
50 97 54
14 48 80
97 59 87
60 19 70
50 15 21
32 23 92
26 93 83
57 40 77
59 36 36
77 20 82
98 90 21
37 52 48
88 73 86
27 39 38
32 25 55
40 96 28
18 70 64
97 63 55
67 34 65
29 87 26
75 93 18
83 49 38
28 47 58
1 62 28
44 28 15
62 8 27
62 19 42
91 77 36
87 0 60
25 72 3
34 16 48
35 87 4
39 94 47
76 41 89
45 25 71
29 73 22
41 21 12
25 55 28
55 25 50
3 20 45
79 33 33
70 37 6
92 65 25
6 64 36
47 54 52
59 66 5
75 28 74
7 34 9
85 83 2
54 85 26
65 76 0
8 75 11
41 36 86
10 53 84
67 92 49
84 44 23
36 42 0
76 51 53
65 94 26
14 84 36
20 89 93
66 61 13
48 65 13
47 59 31
88 93 49
43 40 55
2 44 58
48 14 59
4 75 69
15 46 77
20 73 33
87 66 30
28 29 22
96 36 26
26 38 45
2 3 1
16 70 20
4 24 61
73 98 41
37 41 76
40 3 80
63 65 44
18 71 54
62 69 57
27 40 42
40 39 72
36 2 85
19 30 71
92 93 49
23 67 63
36 62 93
87 24 21
29 85 91
41 54 0
98 69 62
59 52 46
73 69 25
48 6 63
53 71 84
97 77 50
22 86 24
46 76 21
56 23 61
42 1 12
6 80 18
31 32 20
46 8 37
93 72 64
36 59 67
73 88 56
36 14 40
16 68 42
59 31 8
85 92 73
13 77 70
8 24 42
17 3 61
68 45 42
13 83 27
81 5 3
3 96 45
97 46 30
29 73 59
54 43 63
43 17 59
80 46 71
17 65 89
39 89 52
84 91 27
59 23 97
81 83 92
34 92 9
70 97 93
66 8 35
93 70 45
62 73 66
39 3 35
0 44 45
24 70 1
9 84 3
5 48 37
1 80 35
86 65 84
18 28 72
39 46 14
28 86 56
46 57 63
52 25 87
47 73 27
53 2 85
20 42 37
64 12 88
54 12 29
18 66 92
60 16 16
38 64 43
85 22 17
55 68 94
21 46 15
96 16 7
87 96 21
9 63 0
44 48 10
32 18 88
97 21 80
58 66 8
15 0 83
13 77 66
83 53 64
21 17 17
84 1 7
85 51 49
6 98 92
81 7 65
73 39 68
13 69 0
56 96 84
89 68 83
15 56 96
58 43 64
3 92 41
68 39 74
94 61 4
82 81 60
58 46 88
66 24 39
56 95 76
14 91 56
20 97 62
26 49 22
49 42 54
95 80 49
94 95 25
52 70 58
80 12 42
63 5 13
28 94 94
4 68 82
37 71 81
45 94 9
64 40 71
64 62 95
67 37 53
53 1 30
78 61 92
37 38 79
12 15 50
97 68 54
60 10 15
28 57 94
30 5 94
26 10 35
32 62 60
72 13 11
83 9 65
15 86 46
90 68 75
69 86 5
20 45 41
89 42 71
28 70 70
25 95 57
9 38 8
0 47 42
72 94 83
50 72 19
37 21 91
82 87 23
93 56 2
62 48 15
16 43 7
52 58 73
29 57 25
38 25 3
18 17 39
30 30 18
97 62 2
12 0 44
42 91 57
45 60 27
89 36 94
54 0 97
65 46 78
0 16 14
91 36 50
8 57 6
63 70 82
61 18 43
67 58 37
1 78 11
36 61 85
24 8 86
10 96 0
58 9 33
49 7 85
41 31 50
64 52 58
69 20 20
25 57 11
57 96 56
94 55 94
88 34 70
84 15 55
40 44 95
35 38 45
8 83 69
91 11 70
52 66 14
90 19 13
80 94 61
26 34 15
92 79 53
10 11 15
54 16 27
15 92 22
1 39 57
17 38 81
20 64 78
84 4 17
31 93 4
40 76 86
97 82 13
91 62 75
68 29 34
4 85 43
33 8 22
67 77 44
10 56 32
47 52 53
23 48 53
0 8 67
4 95 41
74 77 93
59 31 31
5 98 60
24 93 74
59 41 83
26 58 98
91 4 83
24 70 56
73 72 8
94 52 83
52 55 5
39 38 21
76 42 1
28 77 6
92 4 36
88 96 76
10 6 31
9 83 86
43 19 50
54 85 54
18 58 88
21 72 83
22 73 9
27 12 89
42 50 90
13 97 69
32 20 61
72 45 64
9 9 52
20 62 52
62 53 42
68 47 27
25 2 67
39 39 39
53 8 11
56 48 97
28 60 22
3 64 59
31 91 4
96 48 50
12 48 32
50 97 60
79 10 44
79 21 9
32 30 66
64 2 53
45 86 78
41 19 70
64 57 20
98 49 73
71 89 16
16 71 33
11 37 72
25 67 19
87 37 80
48 51 25
21 78 19
94 47 49
33 57 22
16 28 90
46 91 96
48 51 2
89 85 53
13 1 33
23 81 82
59 93 61
25 81 2
71 18 95
79 54 96
85 73 3
14 96 17
70 2 23
7 47 1
72 46 13
1 25 94
59 10 42
16 2 1
30 82 6
95 27 87
63 51 96
2 80 77
35 39 49
63 82 66
20 20 59
6 85 72
56 16 63
67 47 70
38 97 71
1 33 13
14 2 50
61 5 42
15 73 89
0 76 75
84 24 75
90 46 98
43 5 23
80 49 75
35 29 76
71 26 10
64 77 24
47 6 54
80 9 9
51 23 76
18 95 8
10 51 27
35 31 25
28 44 86
53 30 77
3 76 72
92 34 62
6 41 40
20 80 50
46 56 24
6 43 91
14 11 54
73 88 20
59 93 87
86 96 71
84 9 60
3 29 16
32 76 3
69 14 81
6 32 10
21 57 75
0 24 45
23 69 94
82 95 31
49 47 6
31 42 50
91 71 92
51 84 94
82 77 58
66 7 23
82 64 49
92 22 28
41 53 51
58 62 76
4 40 64
11 10 82
72 26 17
75 58 64
60 69 64
74 55 37
95 86 85
14 96 77
90 73 71
92 20 47
98 57 91
20 57 77
54 54 80
55 21 73
7 69 20
5 15 37
81 5 7
83 50 53
84 42 20
48 82 76
29 48 18
95 5 50
79 17 61
28 63 3
31 49 82
18 32 19
55 88 33
11 62 16
44 47 82
86 94 64
44 76 42
37 63 49
97 97 30
68 57 50
89 56 38
6 46 28
56 98 89
49 10 11
75 16 47
31 15 96
34 87 6
38 92 67
69 79 77
75 0 67
45 51 23
59 89 42
67 10 64
22 79 64
65 47 4
85 29 36
92 87 96
20 13 24
29 1 48
7 63 30
34 95 90
81 59 66
13 38 49
24 90 0
42 69 85
50 29 58
59 48 68
68 11 2
36 90 67
67 5 77
80 53 24
60 46 76
2 16 55
77 72 67
7 51 77
70 85 59
55 86 34
78 16 36
40 46 34
75 80 48
71 63 70
23 23 91
89 52 50
40 61 91
69 74 15
98 18 61
41 75 46
59 28 72
43 88 57
90 38 20
9 85 73
85 31 57
86 68 89
12 23 88
64 23 20
55 78 86
3 53 41
34 67 35
78 29 14
69 57 82
58 13 98
16 15 61
81 8 41
71 4 91
1 90 5
22 74 47
65 30 78
36 58 5
73 11 90
62 15 33
92 81 21
63 58 26
90 76 52
67 69 58
90 25 91
24 81 63
1 1 23
88 24 65
55 15 8
5 62 72
28 35 24
88 27 91
49 42 25
81 95 12
30 62 53
30 28 26
17 90 54
85 76 54
0 71 13
1 30 72
44 49 42
52 10 5
37 49 92
34 36 21
31 54 97
24 7 27
87 21 54
82 76 23
55 82 26
94 77 79
69 48 16
2 80 19
9 11 80
64 10 50
20 72 2
41 27 33
73 76 32
73 78 48
18 41 36
31 79 45
38 49 5
2 93 10
61 97 19
71 89 13
80 75 65
24 69 54
46 13 94
45 78 66
63 42 84
61 22 35
19 90 33
14 66 32
56 1 76
70 29 69
60 12 28
20 88 73
28 57 69
18 77 96
95 8 36
11 7 1
36 1 38
63 69 32
65 79 4
51 98 52
6 56 33
36 32 18
3 47 39
49 42 57
59 5 18
56 78 56
39 5 50
29 36 94
80 93 44
63 37 17
12 35 2
34 9 69
66 71 96
50 0 55
1 50 3
93 93 79
45 35 84
10 28 60
22 81 1
14 58 43
57 83 69
55 84 66
75 66 56
3 53 39
31 41 68
96 10 4
49 29 9
72 36 18
2 46 38
65 65 63
77 13 4
43 71 81
0 1 76
55 66 41
85 18 90
43 69 84
66 81 89
46 32 4
53 8 71
44 8 44
39 14 14
8 3 98
78 34 49
29 85 51
11 29 1
64 14 36
67 11 10
94 9 90
59 48 54
68 27 42
17 10 68
13 75 49
48 92 34
27 3 69
24 2 90
59 82 71
76 17 34
32 20 69
42 93 42
95 46 51
95 0 5
3 55 84
46 2 10
53 28 30
28 65 91
61 54 29
12 28 83
18 40 44
36 58 29
42 80 31
61 57 18
25 97 7
63 53 85
65 59 80
75 67 50
25 25 78
83 29 97
11 85 42
68 81 1
32 10 72
95 69 37
43 43 65
56 50 39
92 61 87
24 41 21
27 35 67
85 22 5
47 42 10
16 27 56
39 25 87
42 11 24
34 12 49
58 35 46
43 67 0
95 4 74
1 72 7
96 13 67
23 23 5
28 73 54
30 60 31
82 95 49
19 38 39
43 61 29
53 46 43
48 95 54
96 18 74
57 78 27
79 30 42
86 15 33
84 21 40
50 58 28
60 83 76
93 16 57
92 81 22
65 34 95
46 37 87
37 3 4
81 61 19
59 69 69
67 64 57
82 16 19
16 35 11
24 86 97
52 22 86
92 20 0
38 67 18
17 51 42
58 45 38
51 71 54
38 86 35
23 58 97
46 29 16
68 19 92
1 3 59
43 56 21
22 2 52
14 44 87
50 48 70
55 94 83
45 32 75
25 8 89
55 79 38
74 38 71
33 1 74
31 68 83
33 49 50
86 11 58
32 41 0
83 76 1
86 3 23
65 66 9
54 42 90
84 26 73
6 88 50
18 51 20
46 16 54
63 38 50
63 92 82
74 57 18
1 23 35
77 91 41
51 82 1
85 76 26
14 84 88
3 1 61
56 85 39
87 69 45
34 26 91
11 38 17
36 16 59
48 59 76
97 44 47
23 44 22
24 15 32
43 28 8
63 21 35
29 40 23
71 2 16
55 43 57
62 80 42
19 82 15
17 80 30
69 87 78
82 34 80
20 23 33
84 93 10
98 4 46
83 46 55
9 43 87
89 2 35
41 37 51
71 30 73
17 23 52
97 23 77
96 14 65
60 75 19
71 64 77
25 80 61
21 97 88
23 12 14
44 78 42
28 43 72
54 95 13
85 33 83
50 34 19
1 34 77
40 89 12
98 21 19
89 67 30
65 6 10
96 21 40
6 19 82
95 82 4
60 79 64
37 56 75
10 4 55
16 36 92
79 10 40
81 85 43
64 70 48
91 26 73
70 53 96
56 61 50
74 84 6
22 14 83
73 83 52
34 75 67
8 56 45
82 20 57
62 39 80
72 16 92
7 33 39
29 92 64
87 1 51
47 89 73
10 27 12
76 53 89
12 98 88
4 98 83
30 48 4
56 20 49
98 42 71
52 5 1
29 81 33
21 19 69
84 46 77
9 58 70
34 81 73
96 36 73
0 44 21
60 80 17
16 68 97
64 22 41
59 12 75
7 32 18
97 62 96
22 44 45
32 0 55
14 42 52
28 8 88
43 10 18
15 86 88
47 11 92
61 22 40
71 17 44
16 15 39
0 1 57
25 37 30
59 50 75
26 34 54
23 33 97
25 9 32
94 47 78
98 17 41
26 92 28
48 91 83
52 86 78
15 15 26
5 92 58
82 48 29
72 24 95
8 79 66
56 35 77
3 73 58
64 32 22
54 72 4
37 84 19
48 93 83
23 72 43
3 11 28
48 51 75
6 82 90
60 2 8
17 51 10
35 36 91
20 61 66
66 1 86
32 11 3
53 1 58
69 14 2
46 89 83
9 68 86
56 90 76
76 61 82
6 40 57
57 10 30
60 9 88
19 24 45
4 22 1
47 53 76
47 38 47
24 49 83
57 60 76
3 23 54
98 7 24
72 43 83
33 68 91
59 18 94
81 11 62
29 78 62
30 19 80
34 4 5
31 96 16
41 75 77
67 84 64
11 31 9
54 94 53
96 17 79
31 49 47
69 71 71
5 27 57
15 19 78
9 6 52
4 6 94
79 24 95
90 54 70
60 21 82
97 40 25
32 26 30
39 92 31
87 26 81
87 32 30
16 51 60
6 27 19
10 8 43
38 80 83
35 38 51
17 47 55
57 37 46
82 94 25
24 15 18
25 27 96
92 63 84
66 5 28
55 62 95
68 21 50
69 6 87
3 71 34
15 48 20
35 76 24
57 75 65
7 29 9
30 75 45
45 33 38
93 95 33
35 13 79
53 4 4
89 79 68
56 58 49
51 64 9
79 1 7
90 55 57
74 4 31
7 26 75
24 80 70
15 86 13
97 1 85
53 62 55
54 54 86
64 82 45
44 32 97
47 16 49
78 83 50
26 32 56
80 74 56
25 81 85
41 72 17
2 9 94
26 21 51
27 78 86
9 47 57
88 32 17
86 86 23
18 72 4
23 7 75
62 78 62
13 32 5
37 33 54
22 10 74
41 52 55
6 12 12
67 93 12
48 46 36
90 48 64
85 36 42
30 31 69
20 18 53
66 79 50
90 45 25
47 98 77
47 86 48
94 9 91
9 60 98
36 91 27
98 92 87
67 55 73
74 63 51
41 72 68
3 73 30
8 37 23
45 81 29
50 54 4
22 89 21
12 71 64
19 90 27
44 91 89
64 84 29
7 71 28
44 93 9
9 31 90
32 44 84
17 14 90
45 89 75
45 37 86
66 19 75
78 46 77
97 69 34
42 18 35
12 64 70
13 14 46
73 37 8
59 1 93
82 18 30
75 19 13
97 90 95
60 83 85
11 29 5
3 52 32
96 63 77
95 49 63
32 37 24
4 75 37
12 36 52
88 53 76
75 5 56
90 10 5
37 36 19
0 34 88
13 31 16
18 0 25
61 36 11
92 57 92
78 67 10
70 65 8
64 45 8
89 70 6
43 38 24
26 41 71
89 36 18
31 98 92
25 25 76
85 94 3
89 14 26
83 28 44
15 60 14
33 23 35
32 32 95
45 79 3
70 44 35
88 8 73
51 25 25
89 93 61
12 90 43
74 67 16
36 60 85
62 71 92
89 54 12
89 29 75
61 62 7
97 97 77
26 19 95
7 26 4
97 69 86
78 39 89
75 66 53
46 18 44
75 87 83
95 33 87
91 26 55
70 53 81
0 97 90
41 28 12
73 30 52
51 79 89
7 17 68
12 93 43
12 48 0
41 65 49
73 30 69
51 96 18
50 30 14
13 8 38
0 52 16
39 4 97
48 69 27
22 44 27
31 18 37
64 51 98
72 72 85
27 60 1
27 90 23
96 40 81
96 77 26
59 11 45
22 78 32
34 94 61
53 37 95
8 79 80
88 27 43
55 44 47
78 75 66
71 65 22
15 11 54
62 22 87
63 81 57
5 70 43
6 97 82
92 84 82
12 62 69
30 63 97
24 89 72
17 18 61
41 18 35
29 28 21
55 50 82
91 31 8
36 96 76
36 76 71
12 34 86
57 20 89
37 19 94
74 78 15
91 31 8
83 19 96
27 27 33
65 68 53
44 55 1
58 76 81
74 4 68
93 52 22
28 34 85
87 46 68
0 44 60
97 77 42
82 24 53
37 8 47
21 17 12
75 19 3
98 33 77
23 19 68
2 80 69
37 70 79
37 30 97
22 33 17
90 8 43
32 56 59
11 3 69
79 29 23
45 89 44
90 40 42
19 9 38
0 46 26
35 62 67
81 25 98
57 15 18
67 53 25
16 45 10
71 43 78
51 61 66
60 38 90
84 54 55
0 68 91
63 34 82
97 77 2
73 63 45
34 91 1
51 93 47
3 93 69
43 12 9
69 70 59
69 73 41
58 13 71
23 49 19
61 69 79
71 54 45
80 28 6
59 16 44
45 33 43
77 80 59
79 42 74
27 85 53
64 17 12
71 42 3
93 29 74
28 85 66
24 58 49
28 53 58
12 10 51
80 45 38
56 6 58
62 17 7
62 22 90
80 4 18
84 41 54
69 19 16
62 63 96
69 90 65
16 21 67
30 29 1
43 68 47
75 92 39
27 16 36
37 13 86
56 89 11
3 79 49
63 82 32
52 50 23
57 81 92
5 55 42
42 17 49
65 59 25
15 7 36
55 97 33
90 8 52
43 92 3
54 3 71
72 24 25
79 28 67
89 25 41
81 20 30
94 91 35
35 89 90
9 11 17
33 75 69
7 85 47
97 47 64
14 90 42
32 36 40
57 66 56
88 20 46
79 56 0
80 23 58
13 87 49
14 85 93
52 88 22
35 96 58
5 71 57
71 12 96
66 18 71
11 96 24
86 32 7
90 77 3
76 81 6
71 86 81
86 94 91
23 87 66
58 55 1
13 73 12
32 14 26
29 72 80
9 79 71
22 15 9
59 34 27
89 35 25
40 38 41
38 94 43
73 61 35
40 32 39
61 24 85
63 78 40
74 12 17
91 47 30
21 19 97
83 94 70
28 91 28
29 58 60
7 0 46
63 62 69
16 62 96
28 6 69
86 13 8
58 55 80
3 74 55
18 16 61
25 29 12
45 27 75
43 5 0
37 68 56
20 72 56
35 81 68
25 81 87
76 42 79
64 75 49
55 85 66
95 65 44
13 68 87
59 62 42
20 90 32
5 64 79
40 37 56
14 59 47
81 93 22
34 43 21
64 44 77
77 88 80
4 44 69
22 63 6
45 94 81
78 53 71
78 67 40
44 1 81
52 45 16
9 28 8
70 90 67
49 82 68
6 6 29
87 26 47
9 36 84
30 42 12
47 96 9
61 58 4
71 81 27
79 50 87
2 50 86
98 38 7
15 78 84
59 14 45
96 5 20
75 2 78
2 73 53
11 56 4
61 58 77
68 13 49
59 97 52
39 16 40
84 43 10
34 14 58
33 49 10
98 46 89
69 2 6
96 38 67
18 47 87
53 42 25
30 61 23
27 87 93
81 97 22
96 6 29
10 58 87
77 68 64
11 93 12
66 68 6
57 77 11
18 61 61
29 53 56
29 68 3
34 44 50
1 44 68
86 98 41
84 43 63
27 73 55
88 44 22
20 77 43
79 23 14
36 22 95
0 23 93
22 41 86
40 85 97
25 7 38
29 84 85
93 28 95
73 10 23
29 19 81
32 19 29
87 15 53
16 72 98
31 71 89
21 72 68
39 58 42
4 43 82
97 19 59
35 76 41
88 81 62
46 60 47
29 15 88
31 39 53
71 40 95
24 71 83
54 8 54
3 26 28
90 56 26
52 97 78
15 73 6
91 78 91
73 96 6
97 82 67
15 94 8
72 11 58
84 51 49
2 8 49
35 76 18
61 28 2
46 85 79
92 24 60
86 28 93
13 59 78
49 15 37
95 58 14
47 46 27
83 73 58
65 94 52
50 68 25
26 79 91
56 70 82
23 40 28
31 27 81
79 87 69
70 66 74
40 5 68
72 59 43
15 79 69
14 14 63
84 24 87
83 57 12
49 45 90
7 62 14
6 50 81
2 28 78
52 8 14
74 70 6
6 1 29
4 49 85
54 63 21
35 25 97
24 88 91
91 50 79
72 88 12
67 66 81
32 95 52
47 14 37
57 97 94
54 61 88
52 48 84
93 81 19
25 27 67
36 73 43
96 48 0
54 29 51
3 41 71
86 67 64
1 14 25
3 9 79
91 6 13
70 87 62
82 24 96
52 26 56
71 74 73
41 6 13
8 75 44
39 87 39
13 18 40
76 88 25
72 4 4
68 28 59
44 53 40
15 56 11
95 58 94
64 61 9
51 1 72
85 63 90
76 9 3
52 9 18
18 93 55
1 88 80
74 81 85
50 87 26
22 6 41
43 43 87
1 33 6
59 36 33
16 9 16
83 68 11
21 49 9
54 4 20
57 13 40
18 61 88
11 47 46
34 39 12
82 20 38
65 85 15
51 46 23
74 15 75
96 82 84
18 78 96
5 31 91
3 86 40
45 40 11
20 66 43
49 94 58
74 90 87
7 93 83
16 87 23
90 41 94
71 79 55
78 96 58
0 14 77
32 11 53
7 94 75
82 15 98
16 17 59
45 97 72
63 9 9
30 58 67
23 81 86
62 43 42
91 92 84
85 8 66
11 98 59
85 83 61
69 2 67
68 65 77
21 79 90
35 8 49
2 4 14
2 67 92
17 50 78
89 59 23
78 77 92
62 81 66
35 60 97
4 27 62
72 95 45
54 31 51
77 8 48
45 54 64
22 88 75
24 29 50
67 51 93
23 53 94
54 38 47
81 18 44
82 97 86
8 83 10
40 98 50
48 62 95
45 10 97
10 36 45
45 67 87
67 97 5
41 38 55
10 90 51
56 47 94
50 95 21
56 29 15
71 45 26
93 23 91
0 76 52
1 96 25
39 37 43
27 85 78
75 88 12
46 19 53
44 78 27
57 58 10
76 51 36
1 73 16
82 70 31
89 88 48
34 63 1
95 42 84
24 12 10
40 38 86
89 95 8
12 51 8
3 44 27
35 80 44
83 93 66
24 75 67
12 63 73
71 77 52
68 43 33
95 56 52
1 76 69
71 24 67
65 96 71
77 30 52
87 77 28
72 84 73
45 3 22
71 14 24
71 77 34
62 63 87
71 27 27
6 48 53
79 71 61
43 2 36
87 30 32
95 84 95
58 65 84
50 24 19
79 34 65
26 61 50
18 74 1
59 68 43
1 5 83
85 35 26
79 57 68
94 4 21
10 45 54
37 79 37
63 60 85
46 56 56
97 28 86
31 53 82
42 18 13
8 4 15
71 87 79
33 38 65
53 69 17
4 28 8
5 17 71
86 35 60
16 81 65
35 2 88
2 54 88
19 38 25
34 44 44
71 35 65
19 60 70
41 92 51
5 97 82
30 55 63
33 78 63
40 34 54
29 42 4
54 65 33
67 75 89
89 51 80
34 56 73
38 73 32
30 76 78
70 78 3
91 6 33
78 83 1
12 61 75
75 57 15
59 91 39
45 20 87
67 65 38
18 13 58
40 74 95
19 37 97
10 63 62
71 1 6
51 76 70
98 23 11
68 74 25
57 63 17
50 98 26
27 26 6
32 72 48
1 13 34
16 56 90
87 4 82
13 2 90
81 90 76
91 87 53
55 45 23
74 26 51
43 24 55
64 84 65
33 56 33
72 85 69
41 94 64
91 71 70
48 61 2
35 0 23
63 63 64
22 44 7
42 27 57
53 89 2
9 74 31
92 98 73
59 77 7
44 95 38
49 44 35
57 90 40
15 91 43
33 26 92
95 1 75
32 76 55
1 91 40
53 62 85
64 80 6
65 40 29
10 27 3
43 65 47
97 39 85
40 25 57
33 60 48
28 8 16
43 3 1
30 76 63
12 5 6
16 2 58
48 42 8
63 14 4
71 27 14
13 96 37
82 86 24
67 74 44
52 84 41
4 77 31
19 92 68
41 95 64
48 58 76
45 30 54
7 13 63
2 44 53
73 64 65
51 86 73
77 67 28
98 51 34
58 21 53
38 57 97
14 17 80
42 51 61
53 15 15
49 1 95
11 65 36
30 22 17
86 77 50
78 71 81
36 90 85
54 66 18
11 17 92
29 8 86
49 86 9
91 81 49
90 82 71
84 73 97
57 51 24
51 48 49
68 70 46
73 35 62
75 97 51
25 77 9
85 25 83
33 23 24
74 3 10
43 69 26
43 50 3
28 4 5
0 96 7
73 54 91
45 20 95
59 1 9
14 25 0
16 29 92
89 15 35
69 49 45
10 54 94
75 24 50
47 72 34
58 58 67
15 92 78
42 20 74
25 10 68
51 84 49
58 24 64
43 49 25
88 55 56
80 23 75
46 97 15
29 36 96
89 12 41
19 6 3
35 22 92
49 59 20
66 68 13
72 79 86
39 25 90
66 51 80
43 2 0
5 61 27
26 24 88
93 20 88
15 79 56
14 63 74
29 14 25
25 92 8
91 77 86
97 28 57
71 46 86
16 8 56
14 60 62
56 20 86
41 0 46
22 87 61
97 31 26
78 84 52
74 86 49
84 78 69
25 74 95
51 30 74
76 15 75
51 77 90
13 51 54
61 51 51
7 53 1
64 25 55
33 65 56
47 84 12
75 97 30
38 4 51
44 39 30
67 52 64
25 10 62
46 56 49
78 70 78
66 79 36
61 44 60
89 20 21
36 32 9
46 18 77
4 5 70
13 58 1
9 47 64
4 59 69
93 87 80
21 90 0
31 80 97
94 23 10
29 73 90
37 1 75
4 82 77
14 18 97
94 2 44
90 64 30
52 29 0
52 50 41
12 32 60
66 14 12
38 44 39
69 51 21
9 61 0
91 55 6
90 84 18
80 95 20
34 81 23
28 48 5
80 67 83
7 9 6
20 97 95
51 49 61
32 80 96
37 75 95
14 19 38
58 77 20
66 4 73
1 97 89
41 43 49
53 23 40
25 68 91
10 2 48
60 8 78
45 31 61
65 69 98
29 29 37
46 49 81
97 60 96
76 90 15
86 25 12
68 54 49
33 44 50
44 68 72
9 8 32
98 16 84
31 75 94
50 30 97
45 62 6
46 3 87
32 70 79
6 86 31
37 23 61
10 76 79
33 1 75
80 25 56
15 77 25
2 29 37
25 6 56
34 66 94
53 70 29
36 21 76
46 88 26
34 93 61
38 54 53
18 15 93
75 96 57
92 23 27
95 16 93
75 49 48
70 31 83
84 30 44
24 94 4
90 15 70
71 45 38
43 55 23
50 98 36
47 87 72
65 13 27
86 34 87
85 41 94
23 63 37
53 45 89
98 61 1
88 16 85
50 22 13
35 29 57
48 13 88
92 82 11
84 74 18
26 82 21
10 67 86
42 40 61
38 19 42
80 50 82
55 51 91
87 16 27
86 30 60
40 1 21
57 20 5
80 72 16
57 29 16
59 15 30
92 41 27
42 54 76
30 66 18
1 31 22
5 12 20
71 17 93
34 20 66
66 69 67
59 32 95
52 13 91
32 2 87
33 5 69
24 35 98
50 38 13
12 63 72
40 0 9
78 10 4
11 20 63
33 68 11
12 17 72
0 79 77
20 41 63
64 79 9
63 19 23
41 54 22
89 20 80
32 30 31
45 8 78
82 26 59
66 74 70
52 13 1
91 3 92
51 13 25
18 71 54
21 6 57
56 87 26
42 98 75
53 55 56
80 88 27
48 88 66
47 80 49
63 65 41
10 45 77
11 95 30
36 80 85
40 62 11
84 87 53
58 86 16
17 98 51
31 3 15
45 96 22
84 97 28
0 97 1
27 47 50
57 20 74
21 55 92
33 94 78
36 15 45
82 85 87
61 51 91
32 31 50
24 60 29
78 98 19
26 58 38
89 29 67
26 17 95
73 91 43
16 86 69
12 19 37
6 91 18
26 39 34
78 81 3
96 27 44
57 24 48
50 79 88
14 96 29
83 45 40
84 67 86
70 34 39
88 97 56
68 4 84
49 71 1
38 44 60
39 19 97
6 37 62
34 65 38
84 82 47
18 4 24
27 21 47
58 16 14
26 46 72
26 67 43
22 8 43
16 28 88
23 75 74
22 49 63
84 12 24
69 15 91
68 71 47
58 31 18
30 31 63
26 89 85
45 57 75
9 65 61
95 94 29
81 10 32
16 43 88
67 67 78
39 22 33
36 48 12
95 21 2
5 30 30
78 36 38
37 55 68
70 42 82
30 34 44
44 59 23
9 48 25
60 15 51
5 46 30
53 38 63
21 72 0
35 42 44
60 56 55
66 92 93
18 54 12
64 50 60
47 16 36
49 80 1
29 22 79
1 54 30
39 20 50
24 88 23
79 29 77
79 51 65
30 33 34
71 6 2
96 23 0
78 43 95
30 20 70
45 40 38
6 54 81
54 87 19
72 38 17
33 65 44
7 61 9
83 46 68
66 32 63
32 26 15
16 43 3
91 70 49
87 86 13
92 45 23
40 62 31
20 18 55
24 68 29
34 91 74
68 50 93
28 13 98
1 54 65
53 34 64
46 26 91
25 90 18
97 36 57
97 5 18
6 65 45
95 76 80
58 51 41
18 21 43
15 51 51
77 98 75
51 19 33
97 92 63
29 50 89
74 67 19
87 37 51
95 24 66
0 91 12
69 30 21
24 46 95
60 71 76
28 56 96
53 37 95
18 57 0
11 80 30
37 15 60
98 86 61
82 11 10
43 15 19
44 30 54
65 13 95
65 31 91
64 63 86
20 74 25
45 86 20
81 64 63
29 35 41
48 3 26
73 66 24
39 74 84
39 4 70
53 1 1
13 13 54
63 98 0
40 73 6
49 0 35
6 81 56
38 30 37
56 23 54
7 76 55
67 16 87
87 74 59
0 7 19
71 42 22
79 87 17
19 48 7
21 6 56
2 55 3
4 13 46
7 82 76
74 34 83
59 13 53
55 75 22
81 22 11
16 88 20
36 26 34
17 40 59
8 35 71
90 1 42
9 4 8
11 6 17
84 91 18
27 17 12
26 58 33
54 61 63
85 14 24
98 50 36
33 82 50
40 65 97
92 55 69
14 3 34
0 48 3
82 20 10
24 41 11
36 41 9
96 29 67
94 62 8
28 63 28
69 12 39
92 74 3
3 14 79
0 37 57
11 64 52
91 44 34
36 33 27
50 73 10
1 17 91
23 30 54
80 7 40
36 84 36
95 18 36
33 19 35
65 13 11
22 95 50
57 32 14
45 69 73
79 13 6
61 12 95
28 59 1
5 23 56
48 12 55
17 65 96
82 10 16
5 21 44
30 31 0
62 70 26
28 41 88
69 54 11
51 66 62
63 8 42
43 42 90
61 29 21
51 95 98
38 64 70
97 69 45
28 46 88
53 79 65
59 90 41
84 28 25
27 23 42
16 80 29
74 49 56
69 65 23
12 40 28
6 61 30
86 76 67
17 80 66
57 52 95
39 72 52
20 27 1
91 28 56
10 58 39
48 41 20
8 21 98
20 86 27
88 13 48
2 5 34
23 90 11
88 98 5
86 32 51
9 2 23
24 86 54
12 52 43
91 53 46
64 6 9
49 0 88
40 96 68
43 88 51
46 62 62
32 50 15
53 87 93
13 59 49
28 11 70
11 81 3
41 75 40
12 80 29
5 19 32
21 39 83
49 13 58
6 25 41
43 50 51
62 5 94
59 14 28
0 19 57
95 0 41
61 24 92
80 3 74
73 77 47
64 91 79
49 64 34
95 35 78
26 53 70
27 14 61
6 41 57
88 87 12
77 16 39
22 13 16
9 62 28
10 33 84
96 93 12
42 83 89
9 39 13
79 77 83
95 63 15
48 37 19
64 91 59
69 43 37
34 82 79
42 8 98
11 50 14
28 91 55
10 68 74
70 53 81
70 51 11
41 78 84
49 44 71
1 83 18
57 61 64
98 95 26
78 77 40
74 85 45
81 38 88
24 29 89
8 91 18
89 76 73
48 6 15
9 84 88
18 78 87
92 16 83
63 10 65
87 89 1
58 52 62
89 39 76
40 14 38
11 62 98
89 5 85
70 52 2
66 11 96
83 67 78
95 43 16
43 1 50
42 6 76
60 13 6
74 6 60
13 4 9
41 1 79
33 82 54
86 18 94
66 77 21
77 83 24
94 51 25
83 64 34
25 0 49
44 26 71
2 65 91
93 58 21
53 90 14
5 85 78
52 5 57
35 4 5
79 73 7
76 27 78
29 5 92
58 78 59
15 76 46
19 94 77
92 71 77
88 98 61
3 88 6
65 83 67
57 11 65
29 72 91
35 33 86
81 25 14
2 42 62
27 13 59
35 83 86
49 15 87
93 3 47
59 27 74
56 35 36
39 6 86
98 94 20
21 2 90
13 64 26
63 8 96
96 12 47
0 58 23
17 11 43
34 66 21
70 85 32
23 65 33
4 58 26
6 35 7
51 80 47
59 79 17
93 77 68
31 72 1
9 7 44
67 38 65
55 30 90
51 84 28
4 96 86
21 74 27
37 44 50
87 66 47
17 82 44
72 50 59
58 3 70
33 6 56
53 78 17
22 48 96
85 68 38
61 31 75
12 17 26
89 97 15
34 51 42
10 61 26
21 19 90
42 92 38
17 3 6
24 46 3
52 21 28
21 98 92
95 40 47
96 24 49
48 38 30
57 57 24
59 65 45
26 48 71
47 85 77
9 39 36
42 48 19
16 56 86
93 13 97
61 47 79
64 41 12
38 80 44
42 70 8
82 22 23
82 91 59
2 82 37
31 83 43
46 63 15
38 73 85
54 98 59
84 23 12
96 71 62
4 23 48
64 15 29
67 49 20
8 66 44
57 13 33
35 90 51
9 65 46
7 71 35
27 88 5
8 14 71
32 0 83
10 30 86
27 44 19
26 97 96
93 94 11
58 23 52
12 67 25
29 81 73
6 55 14
29 17 45
65 90 93
92 69 25
89 84 54
96 57 67
13 19 66
74 22 46
94 17 32
58 91 2
2 74 38
32 66 2
20 3 5
20 46 68
97 11 55
13 24 70
66 25 5
43 39 84
47 79 67
67 13 82
85 62 96
19 79 39
58 8 37
58 39 52
93 96 41
78 81 92
54 52 7
46 57 93
51 76 51
0 15 72
9 48 93
44 66 33
91 93 43
93 92 79
81 33 98
69 85 81
71 96 59
64 22 62
34 36 8
38 68 15
33 26 56
2 50 35
43 95 7
48 4 43
3 32 30
97 57 9
21 10 30
57 75 10
65 7 26
74 89 13
80 55 16
62 84 30
98 98 30
4 63 23
14 88 92
98 57 44
93 3 74
9 37 6
11 49 54
47 37 80
79 44 31
58 73 9
51 3 78
23 60 54
75 52 33
51 44 46
33 21 82
56 50 32
48 30 22
95 47 56
86 44 22
35 53 65
58 47 4
22 44 92
91 60 22
65 21 11
60 91 68
50 96 79
8 5 19
60 19 46
45 90 39
54 6 46
30 62 30
14 63 13
92 85 15
86 61 79
85 90 62
15 87 66
78 88 60
27 58 79
88 24 26
14 59 97
64 10 75
28 38 18
39 28 33
96 0 9
74 34 43
74 9 86
24 88 38
44 96 89
97 58 47
55 90 28
90 88 14
71 45 18
34 82 63
82 74 88
55 6 29
38 18 44
35 18 38
10 74 5
31 22 98
15 16 70
45 40 62
22 5 53
67 67 0
21 50 16
33 59 18
66 71 43
51 50 30
44 65 19
19 8 76
66 69 2
27 28 5
51 20 48
9 53 2
27 13 25
85 69 74
41 67 28
40 50 52
95 20 25
83 38 15
80 41 67
23 15 45
60 18 65
74 77 17
53 20 12
28 88 33
0 75 27
67 38 10
30 58 54
95 77 12
96 9 70
56 2 47
30 20 51
25 33 87
6 77 65
16 87 88
51 74 10
12 15 27
42 54 77
32 8 54
26 29 22
72 1 20
15 6 59
67 36 31
14 77 70
52 98 41
71 59 66
70 11 67
80 88 93
36 87 75
16 64 84
19 56 52
53 74 2
66 42 64
22 13 60
42 23 92
48 55 65
85 97 45
3 77 76
48 94 28
51 74 0
63 58 42
1 41 80
3 95 45
52 80 42
46 38 20
35 51 11
17 14 81
40 94 82
86 56 87
51 48 89
64 63 76
75 31 83
73 28 51
92 87 31
29 27 58
58 67 25
12 33 86
78 32 58
29 82 39
17 44 66
27 96 23
29 59 38
7 54 47
1 82 97
64 52 42
3 8 43
63 10 43
68 61 48
36 65 29
24 89 78
94 49 98
22 87 1
66 2 30
0 75 39
42 95 0
5 71 19
83 17 40
83 84 76
31 68 60
9 33 3
42 76 74
50 20 65
0 62 46
82 69 86
49 30 64
46 17 3
19 95 40
16 36 18
49 36 65
96 26 95
50 98 12
87 13 26
2 8 67
82 60 82
95 33 46
37 89 8
21 22 83
97 43 26
79 92 55
85 17 84
15 35 90
9 14 75
0 26 86
60 61 62
24 44 3
0 40 58
18 80 89
57 43 34
54 50 89
43 85 92
57 79 11
9 35 6
73 65 74
2 30 38
31 95 79
31 52 5
60 7 77
79 6 12
50 84 30
94 6 44
64 43 33
58 52 65
13 21 66
40 37 45
22 65 49
59 87 33
48 74 52
20 29 31
3 7 65
45 51 81
47 8 68
59 51 84
20 39 18
55 80 65
91 51 23
96 73 33
47 89 26
1 82 90
84 92 43