2 3 1 6
2 10 3 15
16 2 1 19
11 7 1 19
2 4 14 20
15 5 1 21
9 4 8 21
7 9 6 22
14 8 1 23
12 5 6 23
1 1 23 25
0 7 19 26
13 4 9 26
17 3 6 26
4 22 1 27
8 4 15 27
19 6 3 28
20 3 5 28
0 16 14 30
6 12 12 30
29 0 2 31
5 3 24 32
6 8 18 32
19 8 5 32
8 5 19 32
30 2 2 34
11 6 17 34
9 2 23 34
26 4 6 36
10 11 15 36
6 1 29 36
7 26 4 37
9 11 17 37
28 4 5 37
5 12 20 37
7 26 5 38
0 28 10 38
14 25 0 39
2 32 6 40
0 28 12 40
1 14 25 40
1 33 6 40
4 28 8 40
10 27 3 40
22 3 16 41
28 13 0 41
34 3 4 41
11 29 1 41
6 6 29 41
16 9 16 41
2 5 34 41
11 3 28 42
22 7 13 42
3 11 28 42
29 11 3 43
1 16 26 43
34 4 5 43
18 0 25 43
6 2 36 44
12 15 17 44
3 4 37 44
19 13 12 44
37 3 4 44
35 4 5 44
7 29 9 45
11 29 5 45
9 28 8 45
43 2 0 45
9 33 3 45
19 2 25 46
32 11 3 46
22 15 9 46
24 12 10 46
18 4 24 46
11 13 23 47
10 6 31 47
13 1 33 47
1 33 13 47
43 3 1 47
3 29 16 48
6 32 10 48
43 5 0 48
1 13 34 48
20 27 1 48
6 35 7 48
12 35 2 49
23 12 14 49
10 27 12 49
9 8 32 49
40 0 9 49
31 3 15 49
5 24 21 50
29 20 1 50
20 8 22 50
31 13 6 50
7 34 9 50
13 32 5 50
21 17 12 50
9 35 6 50
17 28 6 51
14 19 18 51
23 23 5 51
11 31 9 51
14 3 34 51
0 48 3 51
22 13 16 51
11 12 29 52
11 34 7 52
45 4 3 52
6 27 19 52
28 8 16 52
9 37 6 52
7 0 46 53
32 22 0 54
1 50 3 54
1 31 22 54
12 15 27 54
3 8 43 54
12 20 23 55
12 39 4 55
39 15 1 55
42 1 12 55
21 17 17 55
9 38 8 55
7 47 1 55
53 1 1 55
12 17 26 55
31 24 1 56
44 5 7 56
24 17 15 56
12 0 44 56
15 15 26 56
27 17 12 56
5 19 32 56
18 27 12 57
25 25 7 57
9 26 22 57
15 42 0 57
3 31 23 57
9 2 46 57
5 15 37 57
20 13 24 57
7 32 18 57
24 15 18 57
3 26 28 57
45 10 3 58
45 9 4 58
24 7 27 58
46 2 10 58
52 5 1 58
0 1 57 58
15 7 36 58
35 0 23 58
7 42 10 59
34 21 4 59
1 23 35 59
13 8 38 59
2 8 49 59
27 26 6 59
11 9 40 60
13 31 16 60
12 48 0 60
30 29 1 60
41 6 13 60
10 2 48 60
2 55 3 60
9 7 44 60
27 28 5 60
4 51 6 61
29 10 22 61
7 28 26 61
10 8 43 61
53 4 4 61
7 53 1 61
30 31 0 61
9 39 13 61
21 10 30 61
0 31 31 62
14 32 16 62
0 35 27 62
16 35 11 62
40 1 21 62
16 43 3 62
33 8 22 63
1 3 59 63
4 13 46 63
43 12 9 64
9 53 2 64
2 4 59 65
3 1 61 65
0 44 21 65
5 30 30 65
3 32 30 65
27 13 25 65
59 3 4 66
14 22 30 66
0 1 65 66
29 28 9 66
16 43 7 66
38 25 3 66
14 2 50 66
11 38 17 66
25 9 32 66
19 9 38 66
25 29 12 66
52 13 1 66
46 17 3 66
1 35 31 67
37 7 23 67
5 8 54 67
52 10 5 67
39 14 14 67
9 6 52 67
20 5 43 68
11 39 18 68
3 20 45 68
8 37 23 68
0 52 16 68
29 14 25 68
2 29 37 68
12 19 37 68
32 21 16 69
14 30 25 69
13 0 56 69
14 11 44 69
0 24 45 69
18 32 19 69
10 4 55 69
22 6 41 69
30 22 17 69
59 1 9 69
48 6 15 69
55 14 1 70
13 36 21 70
36 12 22 70
4 61 5 70
47 1 22 70
9 9 52 70
49 10 11 70
16 15 39 70
60 2 8 70
25 7 38 70
45 3 22 70
9 61 0 70
5 21 44 70
16 36 18 70
2 30 38 70
54 7 10 71
15 47 9 71
26 10 35 71
8 57 6 71
43 5 23 71
24 15 32 71
43 10 18 71
16 45 10 71
11 56 4 71
13 18 40 71
12 51 8 71
14 19 38 71
17 11 43 71
24 44 3 71
37 8 27 72
55 5 12 72
32 4 36 72
46 4 22 72
16 54 2 72
9 63 0 72
53 8 11 72
22 33 17 72
0 46 26 72
32 14 26 72
13 58 1 72
6 25 41 72
29 7 37 73
4 12 57 73
10 11 52 73
39 24 10 73
2 16 55 73
32 41 0 73
13 14 46 73
12 10 51 73
42 18 13 73
22 44 7 73
22 8 43 73
32 26 15 73
24 46 3 73
43 4 27 74
17 4 53 74
19 21 34 74
41 21 12 74
8 24 42 74
18 17 39 74
52 8 14 74
3 44 27 74
19 48 7 74
25 0 49 74
61 3 11 75
21 48 6 75
13 41 21 75
26 34 15 75
0 8 67 75
36 1 38 75
29 42 4 75
18 57 0 75
11 50 14 75
4 23 48 75
6 55 14 75
3 7 65 75
16 37 23 76
26 6 44 76
0 15 61 76
35 17 24 76
34 8 34 76
22 2 52 76
20 23 33 76
16 2 58 76
24 41 11 76
0 19 57 76
30 29 18 77
61 7 9 77
39 3 35 77
12 15 50 77
0 1 76 77
42 11 24 77
69 2 6 77
36 32 9 77
7 61 9 77
43 15 19 77
48 3 26 77
26 29 22 77
2 8 67 77
20 39 18 77
25 30 23 78
23 13 42 78
52 9 17 78
6 71 1 78
20 38 20 78
36 42 0 78
30 30 18 78
29 1 48 78
55 15 8 78
17 51 10 78
29 28 21 78
54 4 20 78
71 1 6 78
34 36 8 78
21 23 35 79
16 19 44 79
11 67 1 79
9 15 55 79
11 42 26 79
28 29 22 79
14 11 54 79
43 28 8 79
7 33 39 79
27 16 36 79
52 9 18 79
21 49 9 79
4 5 70 79
71 6 2 79
64 6 9 79
60 13 6 79
14 64 2 80
33 1 46 80
3 60 17 80
6 46 28 80
1 72 7 80
3 23 54 80
15 11 54 80
32 19 29 80
72 4 4 80
33 23 24 80
16 8 56 80
13 13 54 80
12 40 28 80
22 5 53 80
15 6 59 80
20 29 31 80
34 26 21 81
17 3 61 81
63 5 13 81
68 11 2 81
65 6 10 81
41 28 12 81
63 9 9 81
43 2 36 81
63 14 4 81
52 29 0 81
28 48 5 81
5 46 30 81
0 58 23 81
14 63 5 82
64 0 18 82
2 17 63 82
21 46 15 82
13 69 0 82
59 5 18 82
46 32 4 82
30 48 4 82
15 56 11 82
19 38 25 82
57 20 5 82
9 48 25 82
18 21 43 82
29 45 9 83
25 20 38 83
25 35 23 83
31 32 20 83
15 48 20 83
11 3 69 83
7 62 14 83
7 13 63 83
53 15 15 83
21 6 56 83
23 15 45 83
0 55 29 84
32 50 2 84
16 20 48 84
10 20 54 84
58 5 21 84
10 65 9 84
52 9 23 84
37 29 18 84
37 37 10 84
20 52 12 84
53 1 30 84
30 28 26 84
0 71 13 84
30 42 12 84
21 6 57 84
18 54 12 84
49 0 35 84
5 23 56 84
9 39 36 84
28 38 18 84
19 28 38 85
29 2 54 85
69 2 14 85
59 9 17 85
11 16 58 85
60 10 15 85
69 14 2 85
34 39 12 85
50 22 13 85
1 54 30 85
53 20 12 85
50 29 7 86
17 17 52 86
14 45 27 86
50 15 21 86
36 32 18 86
2 46 38 86
24 41 21 86
31 18 37 86
62 17 7 86
36 41 9 86
19 42 26 87
36 8 43 87
56 8 23 87
6 21 60 87
33 38 16 87
44 28 15 87
6 41 40 87
28 35 24 87
49 29 9 87
32 0 55 87
79 1 7 87
3 52 32 87
27 27 33 87
74 3 10 87
41 0 46 87
25 6 56 87
33 19 35 87
0 15 72 87
2 50 35 87
21 50 16 87
15 51 22 88
5 40 43 88
36 38 14 88
4 14 70 88
10 51 27 88
67 11 10 88
19 24 45 88
32 26 30 88
27 60 1 88
76 9 3 88
58 16 14 88
28 59 1 88
4 58 26 88
31 52 5 88
14 56 19 89
25 53 11 89
25 20 44 89
47 5 37 89
4 24 61 89
81 5 3 89
0 44 45 89
0 47 42 89
11 62 16 89
3 47 39 89
18 51 20 89
23 44 22 89
71 2 16 89
5 27 57 89
15 60 14 89
1 5 83 89
18 13 58 89
51 13 25 89
65 13 11 89
10 74 5 89
58 15 17 90
17 29 44 90
2 43 45 90
32 28 30 90
36 14 40 90
5 48 37 90
1 78 11 90
57 15 18 90
1 73 16 90
27 44 19 90
4 63 23 90
14 63 13 90
55 6 29 90
39 51 1 91
14 54 23 91
5 73 13 91
30 44 17 91
38 23 30 91
1 62 28 91
46 8 37 91
35 31 25 91
34 36 21 91
46 29 16 91
20 18 53 91
33 23 35 91
23 49 19 91
22 63 6 91
61 28 2 91
23 40 28 91
14 14 63 91
3 9 79 91
0 14 77 91
10 36 45 91
29 17 45 91
35 18 38 91
20 45 27 92
2 22 68 92
5 60 27 92
57 27 8 92
21 39 32 92
60 16 16 92
84 1 7 92
12 48 32 92
16 15 61 92
38 49 5 92
29 40 23 92
17 23 52 92
25 37 30 92
37 36 19 92
7 17 68 92
37 8 47 92
33 49 10 92
16 17 59 92
35 8 49 92
66 14 12 92
78 10 4 92
27 23 42 92
40 14 38 92
78 8 7 93
27 20 46 93
76 8 9 93
80 4 9 93
25 57 11 93
81 5 7 93
32 37 24 93
22 44 27 93
64 17 12 93
4 27 62 93
50 24 19 93
18 74 1 93
5 17 71 93
5 61 27 93
38 4 51 93
32 30 31 93
21 72 0 93
20 18 55 93
8 14 71 93
72 1 20 93
14 50 30 94
45 14 35 94
9 26 59 94
5 68 21 94
2 69 23 94
8 75 11 94
25 2 67 94
28 63 3 94
20 72 2 94
39 5 50 94
77 13 4 94
18 72 4 94
50 30 14 94
41 18 35 94
15 73 6 94
11 20 63 94
39 22 33 94
0 37 57 94
43 1 50 94
32 8 54 94
47 15 33 95
25 48 22 95
20 61 14 95
41 54 0 95
24 70 1 95
54 12 29 95
70 2 23 95
29 48 18 95
18 41 36 95
6 56 33 95
3 53 39 95
17 10 68 95
34 12 49 95
42 18 35 95
18 16 61 95
39 16 40 95
29 29 37 95
27 21 47 95
11 81 3 95
33 6 56 95
48 4 43 95
22 13 60 95
5 71 19 95
21 62 13 96
30 55 11 96
15 24 57 96
13 58 25 96
5 10 81 96
39 18 39 96
21 16 59 96
1 93 2 96
64 6 26 96
7 6 83 96
9 84 3 96
72 13 11 96
66 7 23 96
7 69 20 96
1 90 5 96
44 8 44 96
19 38 39 96
17 18 61 96
45 40 11 96
32 11 53 96
43 50 3 96
36 15 45 96
36 48 12 96
36 26 34 96
3 14 79 96
36 33 27 96
66 25 5 96
2 54 41 97
54 6 37 97
10 49 38 97
43 54 0 97
24 32 41 97
62 8 27 97
26 49 22 97
54 16 27 97
1 39 57 97
3 53 41 97
57 10 30 97
75 19 3 97
25 10 62 97
30 33 34 97
6 61 30 97
32 50 15 97
3 88 6 97
10 61 26 97
65 21 11 97
35 51 11 97
79 6 12 97
32 9 57 98
4 28 66 98
37 10 51 98
21 21 56 98
18 4 76 98
0 8 90 98
8 52 38 98
2 79 17 98
18 50 30 98
34 16 48 98
59 31 8 98
15 0 83 98
10 56 32 98
39 38 21 98
80 9 9 98
10 28 60 98
26 21 51 98
13 73 12 98
34 43 21 98
47 14 37 98
34 63 1 98
48 42 8 98
0 97 1 98
79 13 6 98
13 19 66 98
65 7 26 98
66 2 30 98
9 14 75 98
0 40 58 98
0 70 29 99
17 41 41 99
35 55 9 99
28 35 36 99
39 29 31 99
39 31 29 99
0 56 43 99
39 46 14 99
20 42 37 99
20 20 59 99
36 58 5 99
27 3 69 99
47 42 10 99
16 27 56 99
66 5 28 99
2 44 53 99
38 19 42 99
26 39 34 99
47 16 36 99
9 62 28 99
27 13 59 99
8 25 67 100
59 16 25 100
24 33 43 100
3 82 15 100
13 22 65 100
83 2 15 100
91 6 3 100
25 72 3 100
58 9 33 100
7 63 30 100
13 38 49 100
9 11 80 100
60 12 28 100
95 0 5 100
12 36 52 100
44 55 1 100
29 68 3 100
56 29 15 100
32 66 2 100
48 30 22 100
39 28 33 100
38 18 44 100
13 21 66 100
61 6 34 101
11 47 43 101
73 6 22 101
66 24 11 101
0 96 5 101
11 68 22 101
22 48 31 101
32 66 3 101
38 27 36 101
48 51 2 101
2 80 19 101
41 27 33 101
51 25 25 101
49 15 37 101
8 83 10 101
50 38 13 101
12 17 72 101
59 14 28 101
52 21 28 101
15 16 70 101
30 20 51 101
21 2 79 102
20 75 7 102
27 66 9 102
23 35 44 102
75 15 12 102
18 1 83 102
84 5 13 102
19 22 61 102
62 40 0 102
37 35 30 102
44 48 10 102
49 47 6 102
18 40 44 102
80 4 18 102
5 55 42 102
57 29 16 102
27 14 61 102
1 83 18 102
0 75 27 102
0 69 34 103
12 46 45 103
37 25 41 103
44 50 9 103
24 8 71 103
32 30 41 103
6 35 62 103
14 26 63 103
6 61 36 103
11 10 82 103
1 30 72 103
50 34 19 103
6 40 57 103
74 12 17 103
28 6 69 103
24 29 50 103
0 96 7 103
25 10 68 103
51 19 33 103
0 91 12 103
82 11 10 103
57 32 14 103
13 64 26 103
57 13 33 103
58 8 37 103
19 8 76 103
40 4 60 104
53 19 32 104
2 49 53 104
8 96 0 104
9 54 41 104
93 5 6 104
12 83 9 104
37 8 59 104
21 53 30 104
41 34 29 104
27 39 38 104
2 44 58 104
6 80 18 104
22 73 9 104
22 81 1 104
4 6 94 104
0 44 60 104
69 19 16 104
16 21 67 104
11 47 46 104
12 32 60 104
59 15 30 104
6 41 57 104
48 37 19 104
31 72 1 104
12 67 25 104
46 38 20 104
22 53 30 105
88 13 4 105
10 80 15 105
10 95 0 105
84 4 17 105
2 93 10 105
50 0 55 105
2 9 94 105
23 7 75 105
90 10 5 105
43 38 24 105
13 2 90 105
65 13 27 105
63 19 23 105
6 37 62 105
29 35 41 105
38 30 37 105
96 0 9 105
56 2 47 105
88 15 3 106
17 44 45 106
5 52 49 106
18 56 32 106
59 4 43 106
14 57 35 106
54 50 2 106
21 70 15 106
6 64 36 106
16 70 20 106
20 45 41 106
10 96 0 106
22 10 74 106
3 73 30 106
7 71 28 106
34 14 58 106
73 10 23 106
2 42 62 106
54 6 46 106
63 28 16 107
32 27 48 107
10 88 9 107
67 30 10 107
31 2 74 107
2 66 39 107
28 29 50 107
0 87 20 107
71 26 10 107
47 6 54 107
64 23 20 107
6 19 82 107
75 19 13 107
86 13 8 107
6 48 53 107
33 5 69 107
58 31 18 107
23 30 54 107
10 58 39 107
12 52 43 107
13 24 70 107
37 3 68 108
32 57 19 108
32 71 5 108
10 33 65 108
65 34 9 108
34 3 71 108
44 42 22 108
63 1 44 108
9 78 21 108
41 6 61 108
8 26 74 108
67 33 8 108
14 41 53 108
0 56 52 108
30 72 6 108
2 71 35 108
39 67 2 108
25 55 28 108
25 81 2 108
61 5 42 108
4 40 64 108
33 1 74 108
14 42 52 108
3 71 34 108
7 26 75 108
50 54 4 108
61 36 11 108
46 18 44 108
42 17 49 108
32 36 40 108
2 28 78 108
30 34 44 108
82 10 16 108
64 15 29 108
7 54 47 108
0 62 46 108
27 33 49 109
34 31 44 109
21 2 86 109
78 13 18 109
53 42 14 109
26 38 45 109
27 40 42 109
66 8 35 109
69 20 20 109
79 21 9 109
8 3 98 109
8 56 45 109
21 19 69 109
74 4 31 109
71 14 24 109
10 45 54 109
33 1 75 109
39 20 50 109
1 17 91 109
48 41 20 109
28 11 70 109
42 48 19 109
58 47 4 109
11 49 50 110
54 41 15 110
56 24 30 110
13 52 45 110
44 10 56 110
11 83 16 110
28 60 22 110
62 15 33 110
96 10 4 110
43 67 0 110
17 51 42 110
23 19 68 110
91 6 13 110
57 13 40 110
33 59 18 110
22 87 1 110
9 6 96 111
90 7 14 111
12 94 5 111
0 80 31 111
92 1 18 111
33 49 29 111
41 15 55 111
40 24 47 111
35 14 62 111
66 27 18 111
16 0 95 111
18 92 1 111
29 57 25 111
28 77 6 111
25 67 19 111
59 10 42 111
32 76 3 111
53 28 30 111
36 16 59 111
22 44 45 111
40 32 39 111
48 61 2 111
14 17 80 111
25 77 9 111
21 90 0 111
61 29 21 111
70 14 28 112
21 47 44 112
67 7 38 112
4 34 74 112
19 41 52 112
32 25 55 112
52 55 5 112
43 19 50 112
33 57 22 112
14 66 32 112
34 9 69 112
85 22 5 112
92 20 0 112
86 3 23 112
1 34 77 112
53 1 58 112
15 19 78 112
47 16 49 112
71 27 14 112
4 77 31 112
11 65 36 112
33 68 11 112
37 15 60 112
82 20 10 112
17 14 81 112
0 26 86 112
71 8 34 113
14 30 69 113
2 51 60 113
24 68 21 113
47 30 36 113
5 82 26 113
70 37 6 113
32 20 61 113
9 47 57 113
52 45 16 113
1 44 68 113
40 5 68 113
44 39 30 113
37 1 75 113
45 62 6 113
40 62 11 113
32 31 50 113
24 60 29 113
39 4 70 113
63 8 42 113
21 2 90 113
7 71 35 113
54 52 7 113
49 34 31 114
30 72 12 114
30 40 44 114
54 13 47 114
14 82 18 114
64 5 45 114
0 51 63 114
1 56 57 114
43 24 47 114
24 90 0 114
64 14 36 114
32 10 72 114
26 34 54 114
15 86 13 114
26 32 56 114
80 28 6 114
58 55 1 114
30 61 23 114
9 74 31 114
30 66 18 114
81 22 11 114
8 35 71 114
52 5 57 114
2 74 38 114
11 49 54 114
29 27 58 114
0 75 39 114
53 38 24 115
29 60 26 115
33 5 77 115
14 31 70 115
72 22 21 115
18 64 33 115
24 63 28 115
25 7 83 115
49 48 18 115
72 26 17 115
14 58 43 115
59 11 45 115
3 41 71 115
6 91 18 115
48 12 55 115
32 0 83 115
33 26 56 115
67 38 10 115
36 36 44 116
0 53 63 116
72 20 24 116
31 52 33 116
7 43 66 116
8 93 15 116
76 4 36 116
11 49 56 116
7 54 55 116
1 80 35 116
65 47 4 116
49 42 25 116
24 2 90 116
46 16 54 116
19 82 15 116
45 33 38 116
4 75 37 116
71 42 3 116
11 93 12 116
79 23 14 116
0 23 93 116
54 8 54 116
53 23 40 116
6 65 45 116
17 40 59 116
48 38 30 116
63 10 43 116
31 57 29 117
58 46 13 117
50 62 5 117
27 20 70 117
11 88 18 117
42 75 0 117
38 35 44 117
23 85 9 117
10 56 51 117
48 6 63 117
39 39 39 117
63 37 17 117
82 16 19 117
64 45 8 117
4 44 69 117
15 94 8 117
43 49 25 117
15 77 25 117
41 54 22 117
15 51 51 117
26 58 33 117
8 91 18 117
64 41 12 117
89 10 19 118
67 5 46 118
66 48 4 118
52 3 63 118
17 62 39 118
37 17 64 118
42 63 13 118
37 81 0 118
30 78 10 118
19 45 54 118
18 28 72 118
24 8 86 118
35 38 45 118
21 78 19 118
30 82 6 118
61 22 35 118
64 32 22 118
73 37 8 118
5 70 43 118
59 14 45 118
46 19 53 118
13 51 54 118
95 21 2 118
8 66 44 118
13 75 31 119
52 46 21 119
58 45 16 119
7 33 79 119
13 91 15 119
60 26 33 119
88 24 7 119
21 12 86 119
21 75 23 119
89 12 18 119
43 17 59 119
96 16 7 119
76 42 1 119
64 2 53 119
45 51 23 119
63 21 35 119
22 14 83 119
17 47 55 119
59 16 44 119
40 38 41 119
25 27 67 119
39 37 43 119
94 4 21 119
96 23 0 119
20 74 25 119
40 73 6 119
28 63 28 119
84 23 12 119
51 20 48 119
41 22 57 120
48 40 32 120
53 6 61 120
36 12 72 120
46 63 11 120
31 13 76 120
19 30 71 120
16 71 33 120
11 37 72 120
1 25 94 120
40 46 34 120
43 56 21 120
56 6 58 120
59 34 27 120
14 59 47 120
53 42 25 120
47 46 27 120
51 46 23 120
11 17 92 120
9 47 64 120
34 20 66 120
84 12 24 120
30 20 70 120
1 54 65 120
97 5 18 120
69 30 21 120
69 12 39 120
49 13 58 120
81 25 14 120
42 70 8 120
9 65 46 120
27 88 5 120
5 69 47 121
5 96 20 121
52 14 55 121
95 24 2 121
32 44 45 121
5 63 53 121
73 25 23 121
48 14 59 121
59 31 31 121
18 95 8 121
78 29 14 121
32 20 69 121
30 60 31 121
17 14 90 121
45 33 43 121
72 24 25 121
96 5 20 121
38 44 39 121
37 23 61 121
43 55 23 121
35 29 57 121
32 2 87 121
49 71 1 121
35 42 44 121
24 68 29 121
11 80 30 121
13 59 49 121
12 80 29 121
41 1 79 121
34 66 21 121
23 65 33 121
2 82 37 121
38 68 15 121
5 97 20 122
28 8 86 122
50 49 23 122
54 52 16 122
19 52 51 122
48 9 65 122
95 0 27 122
24 7 91 122
17 41 64 122
61 18 43 122
41 31 50 122
90 19 13 122
25 8 89 122
0 34 88 122
1 96 25 122
34 44 44 122
43 24 55 122
33 56 33 122
40 25 57 122
24 94 4 122
26 58 38 122
21 74 27 122
30 62 30 122
1 41 80 122
40 37 45 122
48 0 75 123
37 77 9 123
30 49 44 123
50 68 5 123
19 20 84 123
13 69 41 123
52 22 49 123
35 88 0 123
62 19 42 123
40 3 80 123
36 2 85 123
13 83 27 123
35 39 49 123
31 42 50 123
12 23 88 123
12 28 83 123
36 58 29 123
38 67 18 123
61 22 40 123
61 58 4 123
31 39 53 123
55 45 23 123
29 8 86 123
86 25 12 123
6 86 31 123
23 63 37 123
81 10 32 123
45 40 38 123
85 14 24 123
47 8 68 123
98 13 13 124
26 44 54 124
90 23 11 124
52 3 69 124
47 76 1 124
91 15 18 124
42 75 7 124
84 22 18 124
24 38 62 124
40 38 46 124
42 27 55 124
29 73 22 124
85 22 17 124
23 48 53 124
48 51 25 124
64 10 50 124
28 8 88 124
35 38 51 124
51 64 9 124
37 33 54 124
51 1 72 124
20 41 63 124
27 47 50 124
30 31 63 124
16 88 20 124
23 90 11 124
70 52 2 124
42 6 76 124
46 63 15 124
60 4 61 125
95 5 25 125
51 44 30 125
41 25 59 125
42 49 34 125
34 30 61 125
62 48 15 125
56 20 49 125
52 50 23 125
86 32 7 125
57 58 10 125
71 27 27 125
35 2 88 125
25 92 8 125
59 13 53 125
16 80 29 125
60 19 46 125
51 74 0 125
58 1 67 126
62 24 40 126
72 25 29 126
31 11 84 126
67 27 32 126
47 59 20 126
36 42 48 126
35 87 4 126
48 65 13 126
20 73 33 126
16 68 42 126
3 64 59 126
31 91 4 126
46 56 24 126
72 36 18 126
89 2 35 126
25 25 76 126
34 91 1 126
44 1 81 126
16 87 23 126
42 27 57 126
18 15 93 126
44 59 23 126
60 15 51 126
29 5 92 126
10 30 86 126
29 59 38 126
87 13 26 126
21 22 83 126
7 52 68 127
72 23 32 127
88 7 32 127
13 21 93 127
45 29 53 127
29 32 66 127
12 32 83 127
14 98 15 127
67 30 30 127
76 33 18 127
14 96 17 127
34 87 6 127
76 17 34 127
17 80 30 127
64 22 41 127
31 49 47 127
16 51 60 127
35 13 79 127
45 79 3 127
8 75 44 127
5 31 91 127
94 23 10 127
33 44 50 127
72 38 17 127
11 64 52 127
80 7 40 127
8 21 98 127
10 33 84 127
56 35 36 127
34 51 42 127
82 22 23 127
19 56 52 127
17 44 66 127
82 38 8 128
74 5 49 128
25 94 9 128
36 58 34 128
7 90 31 128
47 15 66 128
88 8 32 128
45 44 39 128
70 58 0 128
61 41 26 128
41 12 75 128
0 50 78 128
43 84 1 128
31 93 4 128
27 12 89 128
32 30 66 128
25 25 78 128
54 3 71 128
2 73 53 128
34 44 50 128
59 36 33 128
0 76 52 128
40 34 54 128
49 44 35 128
49 59 20 128
44 30 54 128
44 65 19 128
13 82 34 129
52 9 68 129
94 34 1 129
91 9 29 129
21 89 19 129
28 53 48 129
31 80 18 129
54 47 28 129
55 24 50 129
51 21 57 129
44 24 61 129
66 24 39 129
30 5 94 129
15 92 22 129
25 97 7 129
27 35 67 129
41 37 51 129
79 10 40 129
98 7 24 129
30 19 80 129
89 14 26 129
9 36 84 129
29 19 81 129
4 43 82 129
35 76 18 129
3 86 40 129
20 66 43 129
45 30 54 129
14 18 97 129
26 82 21 129
57 24 48 129
53 74 2 129
4 56 70 130
22 61 47 130
90 33 7 130
66 15 49 130
6 51 73 130
43 27 60 130
39 40 51 130
16 50 64 130
64 1 65 130
55 25 50 130
59 66 5 130
41 19 70 130
78 16 36 130
81 8 41 130
54 72 4 130
41 72 17 130
48 46 36 130
30 31 69 130
9 31 90 130
82 18 30 130
61 62 7 130
91 31 8 130
91 31 8 130
68 13 49 130
91 6 33 130
89 20 21 130
87 16 27 130
49 80 1 130
29 22 79 130
21 19 90 130
36 65 29 130
40 21 70 131
76 22 33 131
24 14 93 131
51 28 52 131
16 63 52 131
32 20 79 131
12 45 74 131
74 21 36 131
65 40 26 131
17 18 96 131
3 44 84 131
98 15 18 131
28 35 68 131
79 38 14 131
59 36 36 131
68 29 34 131
72 46 13 131
79 29 23 131
24 58 49 131
3 79 49 131
81 20 30 131
11 96 24 131
96 6 29 131
45 8 78 131
39 6 86 131
37 44 50 131
58 3 70 131
51 50 30 131
12 33 86 131
46 70 16 132
12 78 42 132
15 69 48 132
38 51 43 132
23 17 92 132
32 81 19 132
32 26 74 132
94 20 18 132
18 96 18 132
33 49 50 132
77 2 53 132
57 66 9 132
46 47 39 132
11 88 33 132
10 55 67 132
38 49 45 132
87 24 21 132
22 86 24 132
58 66 8 132
45 60 27 132
52 66 14 132
4 85 43 132
92 4 36 132
53 8 71 132
33 49 50 132
71 17 44 132
47 38 47 132
22 89 21 132
22 78 32 132
12 34 86 132
3 74 55 132
29 15 88 132
98 23 11 132
1 91 40 132
58 21 53 132
57 51 24 132
4 59 69 132
10 45 77 132
16 28 88 132
77 16 39 132
70 51 11 132
51 3 78 132
31 9 93 133
87 8 38 133
26 95 12 133
51 27 55 133
44 22 67 133
62 29 42 133
1 90 42 133
24 55 54 133
31 59 43 133
22 31 80 133
36 78 19 133
28 47 58 133
79 10 44 133
69 48 16 133
56 1 76 133
43 61 29 133
5 71 57 133
40 37 56 133
77 8 48 133
41 43 49 133
36 21 76 133
40 62 31 133
25 90 18 133
56 23 54 133
90 1 42 133
50 73 10 133
20 86 27 133
57 11 65 133
58 23 52 133
54 23 57 134
73 32 29 134
76 53 5 134
80 2 52 134
70 29 35 134
14 84 36 134
80 12 42 134
20 62 52 134
16 28 90 134
86 15 33 134
51 82 1 134
3 73 58 134
54 29 51 134
52 26 56 134
64 61 9 134
41 38 55 134
65 40 29 134
22 49 63 134
69 54 11 134
20 46 68 134
71 45 18 134
67 67 0 134
67 36 31 134
37 89 8 134
57 43 34 134
1 96 38 135
30 70 35 135
61 58 16 135
14 50 71 135
46 38 51 135
32 23 80 135
40 34 61 135
96 19 20 135
33 15 87 135
18 76 41 135
34 92 9 135
56 16 63 135
7 51 77 135
44 49 42 135
35 76 24 135
79 56 0 135
10 63 62 135
9 65 61 135
24 88 23 135
71 42 22 135
51 74 10 135
50 20 65 135
64 57 15 136
64 23 49 136
32 81 23 136
42 10 84 136
58 32 46 136
82 30 24 136
85 42 9 136
62 22 52 136
46 39 51 136
48 53 35 136
30 57 49 136
18 79 39 136
3 92 41 136
17 38 81 136
34 67 35 136
61 57 18 136
50 58 28 136
19 90 27 136
75 5 56 136
37 13 86 136
54 31 51 136
33 38 65 136
42 20 74 136
14 60 62 136
46 3 87 136
11 95 30 136
26 67 43 136
95 0 41 136
67 49 20 136
33 21 82 136
41 67 28 136
83 38 15 136
22 65 49 136
60 28 49 137
50 11 76 137
77 39 21 137
69 50 18 137
65 25 47 137
34 5 98 137
24 74 39 137
68 26 43 137
16 94 27 137
37 61 39 137
37 52 48 137
47 59 31 137
50 29 58 137
23 23 91 137
68 27 42 137
13 75 49 137
9 58 70 137
88 32 17 137
21 19 97 137
84 43 10 137
6 50 81 137
44 53 40 137
26 61 50 137
57 63 17 137
16 29 92 137
45 31 61 137
34 65 38 137
84 28 25 137
49 0 88 137
15 76 46 137
19 79 39 137
23 60 54 137
66 69 2 137
42 95 0 137
40 90 8 138
33 27 78 138
25 38 75 138
37 18 83 138
38 33 67 138
46 35 57 138
33 49 56 138
55 8 75 138
43 40 55 138
15 46 77 138
32 18 88 138
75 16 47 138
11 85 42 138
98 21 19 138
23 72 43 138
26 41 71 138
43 92 3 138
2 50 86 138
29 53 56 138
4 49 85 138
54 63 21 138
69 2 67 138
54 66 18 138
43 69 26 138
26 24 88 138
34 81 23 138
26 17 95 138
7 76 55 138
63 10 65 138
57 57 24 138
56 50 32 138
88 24 26 138
87 51 1 139
44 53 42 139
42 1 96 139
27 36 76 139
94 0 45 139
89 5 45 139
75 18 46 139
51 33 55 139
51 59 29 139
28 50 61 139
59 14 66 139
5 62 72 139
95 8 36 139
58 35 46 139
9 43 87 139
87 1 51 139
68 21 50 139
28 53 58 139
7 85 47 139
39 58 42 139
31 27 81 139
54 38 47 139
53 69 17 139
89 15 35 139
14 96 29 139
28 13 98 139
13 59 68 140
72 52 16 140
28 39 73 140
50 54 36 140
75 14 51 140
2 94 44 140
44 50 46 140
50 10 80 140
94 17 29 140
53 2 85 140
66 61 13 140
56 23 61 140
53 2 85 140
4 95 41 140
35 29 76 140
6 43 91 140
31 41 68 140
65 66 9 140
37 84 19 140
57 37 46 140
26 19 95 140
39 4 97 140
27 90 23 140
66 68 6 140
18 61 61 140
20 77 43 140
82 20 38 140
94 2 44 140
74 6 60 140
58 73 9 140
95 20 25 140
83 17 40 140
15 35 90 140
64 43 33 140
43 24 74 141
28 60 53 141
18 37 86 141
12 81 48 141
1 94 46 141
16 63 62 141
22 84 35 141
23 47 71 141
10 51 80 141
85 44 12 141
45 25 71 141
65 76 0 141
50 72 19 141
49 7 85 141
64 57 20 141
67 10 64 141
58 45 38 141
40 89 12 141
90 8 43 141
72 11 58 141
33 60 48 141
46 18 77 141
69 51 21 141
6 54 81 141
44 26 71 141
51 44 46 141
51 57 34 142
53 83 6 142
13 66 63 142
71 30 41 142
14 82 46 142
49 87 6 142
14 48 80 142
29 87 26 142
68 47 27 142
92 22 28 142
31 15 96 142
75 0 67 142
19 90 33 142
3 55 84 142
53 46 43 142
58 13 71 142
20 90 32 142
71 45 26 142
89 12 41 142
92 23 27 142
38 44 60 142
33 65 44 142
24 29 89 142
74 22 46 142
57 75 10 142
40 50 52 142
30 58 54 142
14 36 93 143
64 6 73 143
35 11 97 143
84 58 1 143
60 28 55 143
18 71 54 143
46 76 21 143
22 74 47 143
28 43 72 143
29 81 33 143
31 96 16 143
70 65 8 143
89 36 18 143
12 62 69 143
98 38 7 143
50 68 25 143
81 18 44 143
38 73 32 143
59 77 7 143
47 84 12 143
52 50 41 143
66 4 73 143
42 40 61 143
18 71 54 143
70 34 39 143
6 81 56 143
21 39 83 143
93 3 47 143
17 82 44 143
94 17 32 143
44 66 33 143
60 18 65 143
3 95 45 143
49 30 64 143
13 89 42 144
68 3 73 144
52 32 60 144
35 69 40 144
76 30 38 144
23 34 87 144
3 96 45 144
61 54 29 144
6 88 50 144
16 36 92 144
48 69 27 144
96 48 0 144
68 43 33 144
2 54 88 144
53 89 2 144
49 86 9 144
64 25 55 144
26 46 72 144
43 50 51 144
60 7 77 144
94 6 44 144
75 9 61 145
22 92 31 145
58 28 59 145
66 29 50 145
38 71 36 145
81 32 32 145
55 79 11 145
50 13 82 145
58 69 18 145
79 33 33 145
38 64 43 145
49 42 54 145
41 53 51 145
30 62 53 145
56 50 39 145
84 21 40 145
14 44 87 145
12 90 43 145
67 53 25 145
57 77 11 145
17 50 78 145
49 1 95 145
38 54 53 145
26 48 71 145
43 95 7 145
25 33 87 145
43 85 18 146
31 38 77 146
66 61 19 146
63 43 40 146
59 53 34 146
63 14 69 146
87 29 30 146
71 31 44 146
88 34 24 146
84 42 20 146
59 12 75 146
26 92 28 146
44 93 9 146
12 64 70 146
55 44 47 146
74 4 68 146
14 90 42 146
1 76 69 146
85 35 26 146
13 96 37 146
58 24 64 146
60 8 78 146
27 96 23 146
37 30 80 147
79 27 41 147
44 50 53 147
58 64 25 147
98 6 43 147
64 52 31 147
19 71 57 147
32 23 92 147
87 0 60 147
10 53 84 147
47 73 27 147
15 86 46 147
63 58 26 147
24 69 54 147
20 61 66 147
12 71 64 147
28 34 85 147
32 56 59 147
28 91 28 147
29 58 60 147
45 27 75 147
62 43 42 147
75 57 15 147
66 68 13 147
12 63 72 147
16 43 88 147
49 64 34 147
45 40 62 147
57 79 11 147
60 19 69 148
60 69 19 148
64 32 52 148
92 56 0 148
70 6 72 148
42 57 49 148
63 45 40 148
51 53 44 148
54 72 22 148
62 43 43 148
4 75 69 148
45 94 9 148
90 38 20 148
65 79 4 148
49 42 57 148
98 4 46 148
25 27 96 148
41 52 55 148
12 93 43 148
20 72 56 148
5 64 79 148
12 63 73 148
30 55 63 148
12 61 75 148
51 48 49 148
42 8 98 148
53 78 17 148
64 22 62 148
6 77 65 148
70 11 67 148
76 18 55 149
77 64 8 149
23 32 94 149
39 44 66 149
59 35 55 149
74 74 1 149
48 75 26 149
29 67 53 149
60 19 70 149
37 21 91 149
55 21 73 149
37 63 49 149
67 5 77 149
74 57 18 149
87 32 30 149
70 44 35 149
65 59 25 149
13 87 49 149
89 35 25 149
22 41 86 149
44 78 27 149
87 30 32 149
19 60 70 149
15 91 43 149
75 24 50 149
35 22 92 149
48 13 88 149
95 18 36 149
88 13 48 149
26 53 70 149
69 43 37 149
58 39 52 149
64 10 75 149
28 88 33 149
95 43 12 150
51 92 7 150
47 62 41 150
23 29 98 150
51 76 23 150
85 64 1 150
74 3 73 150
56 44 50 150
68 30 52 150
30 82 38 150
82 35 33 150
51 12 87 150
24 70 56 150
51 23 76 150
20 80 50 150
95 5 50 150
85 29 36 150
68 81 1 150
47 11 92 150
30 75 45 150
37 19 94 150
90 8 52 150
13 59 78 150
74 70 6 150
64 80 6 150
15 79 56 150
58 51 41 150
9 48 93 150
24 88 38 150
58 67 25 150
29 82 39 150
49 36 65 150
44 47 60 151
69 57 25 151
73 5 73 151
78 28 45 151
82 37 32 151
19 43 89 151
84 44 23 151
40 39 72 151
93 56 2 151
54 0 97 151
0 76 75 151
3 76 72 151
43 43 65 151
39 25 87 151
79 30 42 151
63 38 50 151
34 26 91 151
2 80 69 151
10 90 51 151
70 78 3 151
74 26 51 151
33 26 92 151
14 63 74 151
46 56 49 151
57 20 74 151
53 34 64 151
45 86 20 151
49 15 87 151
58 91 2 151
80 55 16 151
74 34 43 151
31 22 98 151
67 12 73 152
12 89 51 152
74 11 67 152
77 0 75 152
41 93 18 152
62 39 51 152
6 73 73 152
87 29 36 152
18 70 64 152
47 52 53 152
45 32 75 152
47 96 9 152
18 47 87 152
35 76 41 152
83 57 12 152
36 73 43 152
45 10 97 152
54 65 33 152
45 20 87 152
32 72 48 152
91 55 6 152
53 70 29 152
64 79 9 152
78 36 38 152
55 75 22 152
10 68 74 152
86 44 22 152
73 28 51 152
82 60 11 153
91 53 9 153
37 45 71 153
68 7 78 153
6 85 62 153
47 54 52 153
23 67 63 153
81 7 65 153
73 72 8 153
84 9 60 153
21 57 75 153
46 13 94 153
42 80 31 153
23 33 97 153
8 79 66 153
66 1 86 153
59 1 93 153
36 22 95 153
46 60 47 153
37 79 37 153
19 37 97 153
47 72 34 153
35 53 65 153
71 77 6 154
37 32 85 154
75 12 67 154
51 10 93 154
6 68 80 154
91 45 18 154
98 42 14 154
24 40 90 154
49 34 71 154
79 24 51 154
69 48 37 154
37 41 76 154
4 68 82 154
37 38 79 154
32 62 60 154
84 15 55 154
20 57 77 154
28 57 69 154
60 75 19 154
81 11 62 154
36 91 27 154
88 20 46 154
88 44 22 154
42 51 61 154
39 25 90 154
97 31 26 154
33 65 56 154
71 45 38 154
53 38 63 154
95 43 16 154
35 33 86 154
79 44 31 154
19 95 40 154
36 34 85 155
77 4 74 155
51 60 44 155
90 46 19 155
53 39 63 155
40 23 92 155
57 54 44 155
42 40 73 155
68 45 42 155
31 79 45 155
28 73 54 155
86 11 58 155
55 43 57 155
5 92 58 155
45 81 29 155
78 67 10 155
83 28 44 155
89 54 12 155
73 30 52 155
41 65 49 155
89 25 41 155
66 18 71 155
75 2 78 155
10 58 87 155
27 73 55 155
87 15 53 155
68 28 59 155
30 58 67 155
43 65 47 155
51 30 74 155
58 77 20 155
39 19 97 155
96 12 47 155
59 79 17 155
31 33 92 156
86 59 11 156
62 76 18 156
84 13 59 156
22 69 65 156
43 50 63 156
78 38 40 156
88 24 44 156
7 54 95 156
13 77 66 156
98 17 41 156
24 49 83 156
56 89 11 156
52 13 91 156
0 79 77 156
68 4 84 156
36 84 36 156
41 75 40 156
3 77 76 156
86 28 43 157
69 66 22 157
54 32 71 157
87 52 18 157
36 33 88 157
49 51 57 157
33 79 45 157
50 42 65 157
79 11 67 157
15 62 80 157
42 84 31 157
42 49 66 157
0 86 71 157
59 52 46 157
67 37 53 157
83 9 65 157
62 53 42 157
79 17 61 157
80 53 24 157
96 21 40 157
60 80 17 157
60 9 88 157
74 67 16 157
35 25 97 157
24 35 98 157
28 41 88 157
69 65 23 157
80 3 74 157
53 90 14 157
31 83 43 157
42 23 92 157
26 84 48 158
64 91 3 158
70 80 8 158
91 41 26 158
61 24 73 158
85 34 39 158
66 56 36 158
96 36 26 158
28 44 86 158
69 74 15 158
88 27 43 158
71 65 22 158
43 68 47 158
46 56 56 158
10 54 94 158
46 97 15 158
84 30 44 158
62 70 26 158
2 65 91 158
16 56 86 158
22 44 92 158
64 52 42 158
40 75 44 159
81 28 50 159
60 81 18 159
94 52 13 159
76 32 51 159
10 63 86 159
79 52 28 159
7 87 65 159
94 61 4 159
2 80 77 159
92 20 47 159
59 28 72 159
29 36 94 159
38 86 35 159
82 20 57 159
82 48 29 159
32 32 95 159
82 24 53 159
0 68 91 159
9 79 71 159
85 8 66 159
35 80 44 159
77 30 52 159
79 73 7 159
31 68 60 159
34 92 34 160
72 31 57 160
70 33 57 160
69 65 26 160
78 62 20 160
39 65 56 160
55 89 16 160
8 82 70 160
68 35 57 160
88 0 72 160
25 48 87 160
60 81 19 160
39 64 57 160
47 71 42 160
32 47 81 160
13 77 70 160
54 43 63 160
69 86 5 160
8 83 69 160
53 30 77 160
52 22 86 160
83 76 1 160
90 45 25 160
32 44 84 160
66 19 75 160
87 26 47 160
45 20 95 160
46 88 26 160
98 61 1 160
92 41 27 160
58 86 16 160
37 55 68 160
54 87 19 160
92 45 23 160
74 67 19 160
59 27 74 160
75 52 33 160
50 98 12 160
68 43 50 161
49 48 64 161
88 70 3 161
4 73 84 161
32 78 51 161
1 66 94 161
49 93 19 161
82 38 41 161
29 73 59 161
14 91 56 161
97 62 2 161
85 73 3 161
17 90 54 161
78 34 49 161
59 48 54 161
81 61 19 161
80 23 58 161
37 68 56 161
21 72 68 161
2 67 92 161
29 36 96 161
51 49 61 161
80 25 56 161
66 32 63 161
63 98 0 161
62 5 94 161
14 77 70 161
40 77 45 162
83 69 10 162
48 42 72 162
23 41 98 162
79 2 81 162
55 50 57 162
29 66 67 162
36 59 67 162
67 58 37 162
20 64 78 162
31 49 82 162
44 76 42 162
41 75 46 162
87 21 54 162
55 66 41 162
57 78 27 162
54 95 13 162
35 36 91 162
97 40 25 162
39 92 31 162
69 6 87 162
52 88 22 162
83 68 11 162
71 24 67 162
16 81 65 162
78 83 1 162
16 56 90 162
56 20 86 162
78 81 3 162
28 46 88 162
38 80 44 162
67 13 82 162
47 89 26 162
24 91 48 163
26 84 53 163
60 89 14 163
47 35 81 163
75 45 43 163
63 62 38 163
41 36 86 163
5 98 60 163
6 85 72 163
55 82 26 163
9 68 86 163
60 21 82 163
56 58 49 163
85 36 42 163
80 45 38 163
76 81 6 163
59 62 42 163
15 79 69 163
50 87 26 163
45 54 64 163
76 51 36 163
34 56 73 163
32 76 55 163
69 49 45 163
61 51 51 163
4 82 77 163
10 67 86 163
45 96 22 163
46 26 91 163
73 66 24 163
17 80 66 163
39 72 52 163
51 84 28 163
97 11 55 163
97 57 9 163
63 58 42 163
75 27 62 164
28 59 77 164
61 42 61 164
83 76 5 164
43 61 60 164
66 63 35 164
43 93 28 164
31 39 94 164
30 37 97 164
24 50 90 164
24 64 76 164
71 86 7 164
91 36 37 164
40 96 28 164
52 25 87 164
64 12 88 164
18 58 88 164
69 14 81 164
63 69 32 164
45 35 84 164
44 78 42 164
74 84 6 164
37 30 97 164
35 62 67 164
74 15 75 164
40 38 86 164
53 55 56 164
94 62 8 164
24 86 54 164
49 44 71 164
66 77 21 164
47 37 80 164
27 58 79 164
16 64 84 164
50 84 30 164
87 77 1 165
8 68 89 165
81 20 64 165
61 14 90 165
96 62 7 165
15 64 86 165
53 22 90 165
34 92 39 165
32 50 83 165
86 22 57 165
95 19 51 165
83 80 2 165
54 85 26 165
58 43 64 165
64 77 24 165
22 79 64 165
29 85 51 165
89 70 6 165
51 96 18 165
3 93 69 165
27 85 53 165
39 87 39 165
65 85 15 165
61 44 60 165
10 76 79 165
24 46 95 165
7 82 76 165
33 82 50 165
91 51 23 165
59 17 90 166
63 56 47 166
53 89 24 166
72 41 53 166
87 23 56 166
78 71 17 166
31 96 39 166
46 91 29 166
94 46 26 166
84 31 51 166
80 43 43 166
67 34 65 166
46 57 63 166
74 55 37 166
71 4 91 166
93 16 57 166
25 80 61 166
57 20 89 166
18 93 55 166
50 95 21 166
24 75 67 166
31 53 82 166
76 15 75 166
17 98 51 166
22 48 96 166
43 39 84 166
97 43 26 166
77 2 88 167
50 75 42 167
24 61 82 167
89 14 64 167
20 59 88 167
79 85 3 167
55 82 30 167
43 91 33 167
73 69 25 167
15 56 96 167
9 85 73 167
56 61 50 167
9 60 98 167
8 79 80 167
74 78 15 167
93 52 22 167
95 58 14 167
18 61 88 167
68 74 25 167
82 26 59 167
96 27 44 167
22 95 50 167
63 8 96 167
61 31 75 167
94 21 53 168
57 28 83 168
52 98 18 168
24 90 54 168
28 88 52 168
98 22 48 168
95 44 29 168
67 39 62 168
28 70 70 168
24 81 63 168
70 29 69 168
50 48 70 168
37 56 75 168
56 35 77 168
45 37 86 168
91 47 30 168
13 68 87 168
11 98 59 168
80 72 16 168
21 55 92 168
83 45 40 168
29 50 89 168
61 12 95 168
5 85 78 168
15 87 66 168
74 77 17 168
48 55 65 168
78 32 58 168
75 44 50 169
29 75 65 169
43 58 68 169
93 73 3 169
73 59 37 169
51 43 75 169
84 44 41 169
66 39 64 169
82 28 59 169
58 13 98 169
29 78 62 169
88 8 73 169
73 61 35 169
1 88 80 169
67 97 5 169
30 76 63 169
56 87 26 169
63 65 41 169
92 74 3 169
91 44 34 169
86 32 51 169
33 82 54 169
96 24 49 169
59 65 45 169
74 9 86 169
38 52 80 170
5 94 71 170
94 71 5 170
69 58 43 170
63 73 34 170
64 62 44 170
55 78 37 170
82 25 63 170
69 72 29 170
34 71 65 170
20 82 68 170
92 78 0 170
57 67 46 170
83 49 38 170
85 83 2 170
28 86 56 170
46 37 87 170
53 62 55 170
71 54 45 170
90 77 3 170
61 24 85 170
23 53 94 170
59 68 43 170
67 65 38 170
73 35 62 170
22 87 61 170
67 16 87 170
46 62 62 170
94 51 25 170
67 38 65 170
93 3 74 170
14 59 97 170
48 94 28 170
88 38 45 171
68 29 74 171
83 0 88 171
76 42 53 171
80 56 35 171
86 34 51 171
81 40 50 171
27 57 87 171
17 65 89 171
59 18 94 171
62 22 87 171
89 59 23 171
71 35 65 171
95 1 75 171
68 54 49 171
16 86 69 171
60 56 55 171
11 62 98 171
79 78 15 172
30 73 69 172
60 61 51 172
70 85 17 172
68 8 96 172
65 69 38 172
28 52 92 172
19 86 67 172
71 54 47 172
63 65 44 172
91 11 70 172
55 79 38 172
67 93 12 172
91 26 55 172
73 30 69 172
90 40 42 172
90 56 26 172
72 88 12 172
77 67 28 172
75 49 48 172
42 54 76 172
23 75 74 172
38 64 70 172
58 52 62 172
93 58 21 172
42 92 38 172
66 42 64 172
51 24 98 173
52 58 63 173
69 78 26 173
8 88 77 173
44 58 71 173
65 64 44 173
81 51 41 173
54 40 79 173
23 59 91 173
97 46 30 173
44 47 82 173
85 31 57 173
65 30 78 173
71 89 13 173
95 4 74 173
44 32 97 173
43 43 87 173
87 4 82 173
65 13 95 173
95 63 15 173
66 11 96 173
91 60 22 173
55 90 28 173
42 54 77 173
1 82 90 173
60 16 98 174
84 2 88 174
88 48 38 174
87 22 65 174
39 96 39 174
72 64 38 174
52 61 61 174
70 20 84 174
61 83 30 174
52 40 82 174
57 40 77 174
64 52 58 174
73 11 90 174
48 92 34 174
71 30 73 174
48 51 75 174
24 80 70 174
62 22 90 174
79 28 67 174
16 62 96 174
72 59 43 174
33 78 63 174
50 98 26 174
64 50 60 174
28 91 55 174
45 90 39 174
52 80 42 174
95 33 46 174
48 74 52 174
97 27 51 175
14 98 63 175
78 18 79 175
70 54 51 175
81 34 60 175
46 59 70 175
82 17 76 175
26 61 88 175
3 79 93 175
67 66 42 175
88 54 33 175
64 40 71 175
68 57 50 175
59 48 68 175
55 86 34 175
96 14 65 175
38 94 43 175
97 19 59 175
73 96 6 175
75 88 12 175
90 15 70 175
69 15 91 175
87 37 51 175
43 42 90 175
91 28 56 175
55 30 90 175
96 9 70 175
58 52 65 175
70 63 43 176
19 83 74 176
61 65 50 176
79 31 66 176
70 90 16 176
52 86 38 176
16 92 68 176
44 68 64 176
18 66 92 176
21 72 83 176
71 89 16 176
55 88 33 176
96 13 67 176
51 71 54 176
34 75 67 176
47 53 76 176
97 77 2 176
23 87 66 176
92 24 60 176
7 94 75 176
46 49 81 176
84 74 18 176
86 30 60 176
47 80 49 176
35 90 51 176
74 89 13 176
62 84 30 176
26 77 74 177
57 44 76 177
93 10 74 177
8 81 88 177
70 62 45 177
64 94 19 177
84 58 35 177
87 53 37 177
75 28 74 177
25 95 57 177
91 36 50 177
15 73 89 177
98 18 61 177
88 24 65 177
61 97 19 177
42 93 42 177
64 84 29 177
63 82 32 177
33 75 69 177
15 78 84 177
44 95 38 177
52 84 41 177
50 30 97 177
45 57 75 177
61 24 92 177
87 89 1 177
68 61 48 177
45 51 81 177
13 69 96 178
63 18 97 178
44 44 90 178
57 88 33 178
14 72 92 178
93 1 84 178
94 53 31 178
37 48 93 178
30 73 75 178
63 83 32 178
73 17 88 178
74 89 15 178
91 4 83 178
9 83 86 178
37 49 92 178
23 58 97 178
6 82 90 178
45 89 44 178
51 61 66 178
24 71 83 178
79 34 65 178
80 23 75 178
54 61 63 178
17 65 96 178
51 80 47 178
51 76 51 178
96 53 30 179
78 75 26 179
9 98 72 179
81 86 12 179
58 79 42 179
77 20 82 179
59 23 97 179
20 97 62 179
28 57 94 179
40 44 95 179
13 97 69 179
68 19 92 179
63 34 82 179
28 85 66 179
84 41 54 179
57 66 56 179
71 12 96 179
71 81 27 179
32 95 52 179
19 92 68 179
51 66 62 179
74 49 56 179
89 5 85 179
34 82 63 179
59 87 33 179
85 22 73 180
35 90 55 180
80 93 7 180
41 57 82 180
49 68 63 180
74 64 42 180
96 42 42 180
51 46 83 180
39 94 47 180
76 51 53 180
39 89 52 180
73 39 68 180
52 70 58 180
56 85 39 180
72 16 92 180
28 56 96 180
66 71 43 180
1 82 97 180
84 97 0 181
70 36 75 181
43 40 98 181
93 24 64 181
43 94 44 181
78 12 91 181
63 25 93 181
89 64 28 181
94 85 2 181
0 90 91 181
68 39 74 181
72 45 64 181
73 88 20 181
82 76 23 181
73 76 32 181
20 88 73 181
95 82 4 181
62 39 80 181
16 68 97 181
47 86 48 181
41 72 68 181
36 60 85 181
73 63 45 181
29 72 80 181
63 78 40 181
86 35 60 181
66 79 36 181
76 90 15 181
32 70 79 181
71 17 93 181
9 84 88 181
83 64 34 181
76 27 78 181
72 50 59 181
71 47 64 182
45 42 95 182
72 19 91 182
55 71 56 182
81 16 85 182
43 76 63 182
79 38 65 182
42 59 81 182
5 79 98 182
42 63 77 182
56 38 88 182
86 55 41 182
45 93 44 182
92 65 25 182
36 61 85 182
26 58 98 182
42 50 90 182
60 46 76 182
31 54 97 182
31 68 83 182
64 70 48 182
85 94 3 182
71 77 34 182
48 58 76 182
97 28 57 182
43 88 51 182
57 61 64 182
95 40 47 182
90 31 62 183
97 48 38 183
84 44 55 183
83 59 41 183
96 44 43 183
46 87 50 183
48 96 39 183
74 35 74 183
63 50 70 183
62 76 45 183
61 77 45 183
79 96 8 183
87 66 30 183
52 58 73 183
59 41 83 183
84 24 75 183
89 56 38 183
74 38 71 183
84 26 73 183
48 59 76 183
97 1 85 183
36 76 71 183
69 73 41 183
7 93 83 183
82 70 31 183
98 51 34 183
58 58 67 183
67 52 64 183
79 87 17 183
18 78 87 183
29 81 73 183
60 61 62 183
79 59 46 184
95 19 70 184
87 8 89 184
66 27 91 184
33 94 57 184
75 56 53 184
71 18 95 184
67 47 70 184
28 65 91 184
62 80 42 184
83 46 55 184
59 50 75 184
35 81 68 184
84 51 49 184
49 45 90 184
52 48 84 184
41 92 51 184
5 97 82 184
30 76 78 184
68 70 46 184
51 84 49 184
90 64 30 184
25 68 91 184
44 68 72 184
70 31 83 184
50 98 36 184
98 50 36 184
77 83 24 184
95 77 12 184
80 72 33 185
60 78 47 185
42 46 97 185
89 19 77 185
78 42 65 185
83 83 19 185
65 94 26 185
85 51 49 185
29 92 64 185
4 98 83 185
53 37 95 185
6 97 82 185
24 89 72 185
55 97 33 185
64 44 77 185
78 67 40 185
22 88 75 185
67 74 44 185
15 92 78 185
92 82 11 185
89 29 67 185
79 29 77 185
95 24 66 185
53 37 95 185
89 25 72 186
57 90 39 186
83 54 49 186
51 84 51 186
22 66 98 186
71 82 33 186
2 88 96 186
51 44 91 186
36 75 75 186
75 93 18 186
23 81 82 186
23 69 94 186
83 50 53 186
54 42 90 186
14 84 88 186
89 67 30 186
65 68 53 186
37 70 79 186
16 72 98 186
59 32 95 186
91 3 92 186
68 71 47 186
87 86 13 186
4 96 86 186
92 69 25 186
85 17 84 186
73 20 94 187
73 48 66 187
60 67 60 187
54 45 88 187
89 15 83 187
65 48 74 187
57 98 32 187
60 80 47 187
14 96 77 187
85 76 26 187
84 93 10 187
0 97 90 187
55 50 82 187
57 90 40 187
1 97 89 187
53 45 89 187
65 31 91 187
45 69 73 187
88 87 12 187
70 85 32 187
61 47 79 187
18 80 89 187
77 96 15 188
38 78 72 188
82 79 27 188
50 59 79 188
81 40 67 188
62 69 57 188
67 77 44 188
92 34 62 188
54 54 80 188
43 88 57 188
81 95 12 188
96 18 74 188
67 64 57 188
97 44 47 188
34 81 73 188
74 63 51 188
60 38 90 188
64 75 49 188
40 98 50 188
34 93 61 188
80 41 67 188
51 48 89 188
88 34 67 189
58 89 42 189
26 84 79 189
41 81 67 189
78 32 79 189
40 98 51 189
53 57 79 189
37 71 81 189
65 46 78 189
45 78 66 189
63 42 84 189
15 86 88 189
34 94 61 189
35 96 58 189
76 88 25 189
59 91 39 189
88 16 85 189
89 20 80 189
75 31 83 189
45 93 52 190
96 36 58 190
17 81 92 190
85 45 60 190
84 17 89 190
94 68 28 190
42 91 57 190
94 47 49 190
59 89 42 190
56 78 56 190
91 26 73 190
30 63 97 190
84 43 63 190
23 81 86 190
21 79 90 190
27 85 78 190
63 63 64 190
97 36 57 190
59 90 41 190
91 53 46 190
19 94 77 190
48 51 92 191
79 79 33 191
31 75 85 191
95 36 60 191
7 87 97 191
36 62 93 191
24 93 74 191
89 52 50 191
18 77 96 191
72 24 95 191
64 82 45 191
25 81 85 191
27 78 86 191
51 93 47 191
31 71 89 191
74 34 83 191
88 98 5 191
92 16 83 191
85 68 38 191
16 87 88 191
52 98 41 191
24 89 78 191
91 22 79 192
89 86 17 192
91 40 61 192
95 41 56 192
45 82 65 192
82 83 27 192
38 75 79 192
58 46 88 192
82 87 23 192
88 34 70 192
97 82 13 192
40 61 91 192
95 46 51 192
75 67 50 192
33 68 91 192
96 17 79 192
71 43 78 192
14 85 93 192
18 78 96 192
35 60 97 192
89 95 8 192
87 77 28 192
82 86 24 192
38 57 97 192
29 73 90 192
90 84 18 192
96 29 67 192
29 72 91 192
92 85 15 192
90 88 14 192
42 76 74 192
86 98 9 193
92 15 86 193
28 71 94 193
29 96 68 193
43 83 67 193
54 85 54 193
60 69 64 193
36 90 67 193
65 65 63 193
85 18 90 193
94 9 90 193
57 60 76 193
41 75 77 193
89 29 75 193
84 54 55 193
58 55 80 193
25 81 87 193
93 81 19 193
85 25 83 193
84 91 18 193
47 79 67 193
54 50 89 193
96 13 85 194
25 85 84 194
41 94 59 194
46 55 93 194
96 48 50 194
92 81 21 194
67 69 58 194
65 34 95 194
87 26 81 194
54 54 86 194
94 9 91 194
75 66 53 194
63 62 69 194
25 74 95 194
34 66 94 194
70 42 82 194
14 88 92 194
59 51 84 194
98 20 77 195
94 50 51 195
57 94 44 195
34 95 66 195
77 74 44 195
73 70 52 195
18 96 81 195
30 74 91 195
82 64 49 195
43 71 81 195
92 81 22 195
86 86 23 195
66 79 50 195
67 55 73 195
79 42 74 195
84 24 87 195
82 15 98 195
80 95 20 195
80 88 27 195
78 98 19 195
79 51 65 195
34 82 79 195
78 77 40 195
58 78 59 195
78 74 44 196
68 94 34 196
6 98 92 196
58 62 76 196
42 69 85 196
43 69 84 196
82 34 80 196
93 29 74 196
81 93 22 196
61 58 77 196
26 79 91 196
38 73 85 196
46 57 93 196
71 59 66 196
61 66 70 197
51 98 48 197
84 63 50 197
57 95 45 197
61 56 80 197
74 92 31 197
54 88 55 197
80 70 47 197
34 93 70 197
38 94 65 197
57 56 84 197
80 46 71 197
75 58 64 197
38 92 67 197
75 66 56 197
48 95 54 197
59 69 69 197
97 23 77 197
57 75 65 197
76 42 79 197
56 47 94 197
51 76 70 197
66 51 80 197
55 51 91 197
83 46 68 197
39 74 84 197
53 79 65 197
73 77 47 197
19 82 97 198
66 84 48 198
69 91 38 198
88 36 74 198
63 51 84 198
53 48 97 198
93 52 53 198
83 23 92 198
87 25 86 198
88 52 58 198
49 74 75 198
57 93 48 198
49 56 93 198
97 21 80 198
12 98 88 198
72 43 83 198
79 24 95 198
83 19 96 198
69 70 59 198
29 84 85 198
98 16 84 198
86 18 94 198
93 94 11 198
95 47 56 198
36 87 75 198
73 55 71 199
36 70 93 199
83 82 34 199
49 81 69 199
69 83 47 199
55 91 53 199
75 60 64 199
73 78 48 199
96 77 26 199
49 82 68 199
45 67 87 199
41 94 64 199
88 55 56 199
34 91 74 199
98 57 44 199
88 66 46 200
91 83 26 200
94 49 57 200
83 53 64 200
97 69 34 200
81 97 22 200
71 77 52 200
53 62 85 200
41 95 64 200
31 75 94 200
26 89 85 200
87 66 47 200
55 80 65 200
85 41 75 201
52 76 73 201
50 97 54 201
62 73 66 201
56 48 97 201
51 98 52 201
63 53 85 201
95 69 37 201
87 69 45 201
85 33 83 201
54 94 53 201
38 80 83 201
82 94 25 201
78 46 77 201
63 81 57 201
87 46 68 201
96 38 67 201
49 94 58 201
93 20 88 201
36 80 85 201
96 93 12 201
89 97 15 201
75 92 35 202
26 93 83 202
20 89 93 202
84 91 27 202
89 42 71 202
40 76 86 202
90 55 57 202
62 78 62 202
90 48 64 202
78 53 71 202
82 24 96 202
73 64 65 202
75 97 30 202
66 69 67 202
48 88 66 202
40 65 97 202
97 58 47 202
96 73 33 202
72 94 37 203
72 46 85 203
74 60 69 203
30 94 79 203
40 91 72 203
73 71 59 203
75 80 48 203
60 79 64 203
24 88 91 203
54 61 88 203
95 56 52 203
71 46 86 203
61 51 91 203
41 78 84 203
93 13 97 203
64 63 76 203
89 92 23 204
81 57 66 204
71 42 91 204
88 74 42 204
86 79 39 204
95 97 12 204
91 77 36 204
87 96 21 204
87 37 80 204
80 49 75 204
71 63 70 204
65 59 80 204
70 53 81 204
81 25 98 204
95 65 44 204
79 57 68 204
95 16 93 204
57 52 95 204
40 96 68 204
70 53 81 204
74 85 45 204
89 39 76 204
35 83 86 204
49 86 70 205
29 83 93 205
61 54 90 205
57 86 62 205
84 65 56 205
29 85 91 205
55 84 66 205
96 36 73 205
71 79 55 205
48 62 95 205
33 94 78 205
31 95 79 205
92 92 22 206
61 63 82 206
38 70 98 206
80 70 56 206
67 72 67 206
67 43 96 206
98 12 96 206
78 35 93 206
76 57 73 206
76 41 89 206
38 97 71 206
48 82 76 206
81 59 66 206
90 25 91 206
88 27 91 206
21 97 88 206
78 39 89 206
75 92 39 206
55 85 66 206
71 40 95 206
47 87 72 206
90 31 86 207
71 72 64 207
66 54 87 207
25 85 97 207
61 57 89 207
50 97 60 207
24 86 97 207
84 46 77 207
95 49 63 207
27 87 93 207
86 28 93 207
93 23 91 207
58 65 84 207
37 75 95 207
86 34 87 207
73 91 43 207
60 71 76 207
81 38 88 207
77 64 67 208
90 49 69 208
98 83 27 208
27 93 88 208
84 35 89 208
74 71 63 208
67 92 49 208
53 71 84 208
93 70 45 208
82 95 31 208
69 57 82 208
73 83 52 208
36 96 76 208
98 33 77 208
97 47 64 208
59 97 52 208
56 70 82 208
63 60 85 208
31 80 97 208
32 80 96 208
81 64 63 208
95 35 78 208
91 26 92 209
76 50 83 209
29 97 83 209
86 90 33 209
54 72 83 209
98 90 21 209
57 96 56 209
45 86 78 209
95 27 87 209
57 83 69 209
83 29 97 209
77 91 41 209
81 85 43 209
47 89 73 209
45 89 75 209
61 69 79 209
77 68 64 209
62 81 66 209
40 74 95 209
74 86 49 209
84 97 28 209
47 85 77 209
85 72 53 210
85 86 39 210
85 63 62 210
77 69 64 210
85 96 29 210
31 85 94 210
77 90 43 210
51 66 93 210
77 74 59 210
79 85 46 210
63 51 96 210
80 74 56 210
46 85 79 210
70 66 74 210
68 65 77 210
51 86 73 210
66 74 70 210
91 70 49 210
92 87 31 210
63 82 66 211
98 42 71 211
69 71 71 211
78 83 50 211
65 94 52 211
67 51 93 211
79 71 61 211
97 28 86 211
36 90 85 211
68 50 93 211
97 69 45 211
21 98 92 211
54 98 59 211
93 47 72 212
65 49 98 212
79 94 39 212
73 98 41 212
59 82 71 212
71 64 77 212
55 62 95 212
72 95 45 212
62 63 87 212
20 97 95 212
80 50 82 212
67 67 78 212
98 94 20 212
81 33 98 212
73 65 74 212
58 82 73 213
95 66 52 213
91 48 74 213
62 93 58 213
42 97 74 213
59 93 61 213
64 51 98 213
64 84 65 213
86 77 50 213
84 82 47 213
64 63 86 213
78 77 59 214
76 67 71 214
92 24 98 214
59 94 61 214
94 95 25 214
70 85 59 214
90 54 70 214
35 89 90 214
83 73 58 214
67 66 81 214
45 97 72 214
78 84 52 214
42 83 89 214
64 91 59 214
46 77 92 215
97 63 55 215
63 70 82 215
85 76 54 215
67 84 64 215
95 33 87 215
58 76 81 215
42 98 75 215
65 83 67 215
37 84 95 216
77 62 77 216
40 87 89 216
93 97 26 216
60 61 95 216
28 94 94 216
77 72 67 216
52 86 78 216
97 77 42 216
77 80 59 216
79 50 87 216
93 28 95 216
78 43 95 216
92 55 69 216
40 94 82 216
64 78 75 217
63 58 96 217
31 97 89 217
91 68 58 217
73 88 56 217
55 68 94 217
82 77 58 217
80 93 44 217
88 53 76 217
96 40 81 217
86 67 64 217
50 79 88 217
96 26 95 217
90 82 46 218
36 96 86 218
90 76 52 218
76 53 89 218
46 89 83 218
71 74 73 218
73 54 91 218
51 77 90 218
95 94 29 218
82 73 64 219
94 51 74 219
97 68 54 219
89 36 94 219
34 95 90 219
55 78 86 219
60 83 76 219
70 53 96 219
94 47 78 219
76 61 82 219
51 79 89 219
78 75 66 219
70 87 62 219
98 95 26 219
26 97 96 219
60 91 68 219
84 92 43 219
49 85 86 220
69 62 89 220
67 78 75 220
98 49 73 220
80 75 65 220
94 91 35 220
45 94 81 220
91 50 79 220
89 51 80 220
85 41 94 220
87 74 59 220
96 57 67 220
43 85 92 220
70 91 60 221
81 83 57 221
75 71 75 221
64 62 95 221
93 95 33 221
31 98 92 221
62 63 96 221
95 42 84 221
97 39 85 221
91 81 49 221
33 92 97 222
48 91 83 222
56 90 76 222
47 98 77 222
40 85 97 222
79 80 64 223
77 94 52 223
82 81 60 223
75 97 51 223
89 51 84 224
48 90 86 224
75 93 56 224
97 77 50 224
95 80 49 224
92 79 53 224
97 97 30 224
48 93 83 224
44 91 89 224
69 90 65 224
84 87 53 224
82 60 82 224
69 94 62 225
62 83 80 225
94 79 52 225
62 98 65 225
69 79 77 225
62 71 92 225
86 98 41 225
90 41 94 225
89 88 48 225
50 96 79 225
89 80 57 226
73 79 74 226
77 65 84 226
82 95 49 226
72 85 69 226
78 70 78 226
71 96 59 226
98 98 30 226
86 61 79 226
78 88 60 226
79 92 55 226
88 79 60 227
88 88 51 227
91 80 56 227
71 73 83 227
87 59 81 227
56 95 76 227
89 85 53 227
70 90 67 227
52 97 78 227
89 84 54 227
91 93 43 227
85 97 45 227
96 73 59 228
87 86 55 228
91 62 75 228
60 83 85 228
75 96 57 228
83 67 78 228
85 69 74 228
73 98 58 229
83 61 85 229
50 87 92 229
98 69 62 229
93 72 64 229
94 52 83 229
79 54 96 229
51 84 94 229
72 72 85 229
85 83 61 229
72 84 73 229
86 76 67 229
96 71 62 229
44 96 89 229
86 56 87 229
71 96 63 230
88 93 49 230
57 81 92 230
78 71 81 230
80 67 83 230
93 96 41 230
56 82 93 231
78 61 92 231
88 81 62 231
67 75 89 231
91 87 53 231
84 78 69 231
86 81 65 232
55 94 83 232
78 96 58 232
65 96 71 232
91 71 70 232
65 69 98 232
82 91 59 232
97 83 53 233
71 86 76 233
90 68 75 233
46 91 96 233
66 71 96 233
98 46 89 233
53 87 93 233
88 98 48 234
77 63 94 234
65 83 86 234
91 94 49 234
60 83 91 234
92 93 49 234
90 46 98 234
90 73 71 234
69 87 78 234
64 91 79 234
84 56 95 235
77 75 83 235
86 65 84 235
80 94 61 235
79 87 69 235
69 85 81 235
80 62 94 236
63 84 89 236
56 96 84 236
66 81 89 236
89 79 68 236
96 63 77 236
81 78 78 237
64 88 85 237
87 66 84 237
63 92 82 237
71 87 79 237
72 79 86 237
84 67 86 237
85 90 62 237
82 69 86 237
56 85 97 238
73 98 67 238
71 86 81 238
85 63 90 238
89 76 73 238
93 77 68 238
98 53 88 239
90 96 53 239
73 85 81 239
85 72 82 239
59 93 87 239
92 63 84 239
79 77 83 239
96 75 69 240
84 91 65 240
89 68 83 240
92 61 87 240
74 81 85 240
92 71 77 240
89 63 89 241
90 69 82 241
92 57 92 241
88 97 56 241
94 49 98 241
78 88 76 242
62 86 94 242
83 93 66 242
85 67 91 243
69 77 97 243
97 59 87 243
94 55 94 243
56 98 89 243
86 68 89 243
89 93 61 243
90 82 71 243
85 62 96 243
83 84 76 243
62 96 86 244
74 74 96 244
87 87 70 244
92 78 74 244
82 86 76 244
74 77 93 244
86 94 64 244
51 95 98 244
82 74 88 244
63 95 87 245
75 87 83 245
77 88 80 245
98 86 61 245
98 57 91 246
97 82 67 246
88 73 86 247
83 94 70 247
95 58 94 247
78 77 92 247
81 90 76 247
88 98 61 247
87 71 90 248
57 97 94 248
65 90 93 248
60 93 96 249
72 94 83 249
84 72 94 250
85 91 74 250
85 92 73 250
94 77 79 250
77 98 75 250
71 89 91 251
74 90 87 251
66 92 93 251
95 76 80 251
78 81 92 251
78 83 91 252
89 78 85 252
96 93 63 252
97 69 86 252
97 92 63 252
80 85 88 253
75 81 97 253
86 96 71 253
97 60 96 253
85 71 98 254
91 71 92 254
84 73 97 254
91 77 86 254
82 85 87 254
93 76 86 255
93 81 81 255
86 77 92 255
97 62 96 255
81 83 92 256
76 96 85 257
76 92 90 258
92 70 96 258
92 84 82 258
93 98 68 259
70 97 93 260
88 96 76 260
91 78 91 260
93 87 80 260
97 87 77 261
80 88 93 261
96 82 84 262
92 98 73 263
75 92 97 264
93 92 79 264
92 88 85 265
93 93 79 265
82 97 86 265
97 84 85 266
95 86 85 266
90 88 89 267
91 92 84 267
97 88 83 268
91 85 93 269
93 91 85 269
91 93 86 270
97 97 77 271
86 94 91 271
95 84 95 274
92 87 96 275
98 92 87 277
97 90 95 282
Total Time Elapsed during Insertion sort in nanoseconds :47353300