12 8 4 24
13 14 5 32
18 6 9 33
11 11 12 34
0 5 32 37
31 0 6 37
5 30 4 39
11 7 21 39
19 7 13 39
2 2 39 43
15 1 27 43
8 7 29 44
14 20 10 44
26 5 15 46
8 22 16 46
4 12 32 48
29 19 0 48
8 14 26 48
36 15 0 51
8 38 6 52
19 32 2 53
3 31 19 53
27 23 3 53
1 52 0 53
19 5 29 53
29 15 10 54
18 21 16 55
22 26 7 55
28 22 5 55
4 44 7 55
9 35 12 56
51 1 5 57
15 16 26 57
5 42 12 59
3 50 6 59
5 29 25 59
0 13 47 60
20 6 34 60
52 5 3 60
9 33 19 61
42 16 4 62
16 30 17 63
0 52 11 63
5 40 19 64
45 16 3 64
3 19 42 64
25 0 39 64
48 15 2 65
4 62 0 66
0 39 27 66
8 17 42 67
53 2 12 67
16 12 40 68
16 50 2 68
35 2 32 69
8 47 14 69
61 2 6 69
1 33 35 69
39 18 13 70
58 4 8 70
38 5 27 70
39 16 17 72
1 8 63 72
8 33 32 73
4 64 5 73
61 7 5 73
23 16 35 74
15 19 40 74
31 33 10 74
19 17 39 75
14 36 25 75
7 14 54 75
23 4 48 75
57 7 12 76
45 16 15 76
53 9 14 76
47 4 25 76
13 63 0 76
1 43 32 76
70 1 6 77
26 9 42 77
18 57 3 78
7 10 62 79
10 43 26 79
17 49 14 80
66 12 2 80
58 22 0 80
24 22 34 80
0 20 60 80
32 22 26 80
40 18 22 80
58 0 22 80
26 52 3 81
31 10 40 81
6 51 24 81
31 13 37 81
36 23 23 82
35 10 37 82
72 2 8 82
1 75 6 82
40 16 27 83
24 25 34 83
47 10 26 83
36 32 16 84
47 0 37 84
31 11 42 84
12 22 50 84
11 3 71 85
7 32 46 85
70 6 9 85
41 35 9 85
49 16 20 85
30 21 35 86
3 3 80 86
9 28 49 86
19 16 51 86
29 33 25 87
62 0 25 87
23 35 29 87
39 28 21 88
30 55 3 88
4 52 33 89
10 20 59 89
14 56 19 89
43 33 13 89
33 52 4 89
36 35 19 90
3 6 81 90
58 2 30 90
42 19 29 90
10 3 78 91
20 4 67 91
3 80 9 92
21 38 33 92
59 1 32 92
3 10 79 92
4 26 62 92
4 14 75 93
15 26 52 93
15 39 39 93
29 22 42 93
47 28 19 94
23 46 25 94
55 12 27 94
51 37 7 95
2 11 82 95
54 2 39 95
28 21 46 95
2 51 42 95
27 10 59 96
62 11 23 96
68 19 9 96
23 50 23 96
12 43 41 96
14 55 28 97
32 1 64 97
71 4 22 97
37 3 57 97
38 36 24 98
17 34 47 98
4 13 81 98
38 28 32 98
9 29 60 98
58 38 2 98
64 30 4 98
10 66 22 98
2 1 96 99
6 87 6 99
61 36 2 99
20 50 29 99
11 37 51 99
18 73 8 99
54 26 20 100
92 3 5 100
53 38 9 100
26 27 47 100
38 5 57 100
27 10 63 100
16 36 48 100
4 94 2 100
10 42 48 100
45 14 41 100
62 2 36 100
22 56 23 101
21 36 44 101
43 21 37 101
7 88 6 101
11 14 76 101
27 20 54 101
0 57 44 101
46 35 20 101
47 47 7 101
2 21 79 102
58 44 0 102
57 43 2 102
19 64 19 102
90 12 1 103
25 21 57 103
0 51 52 103
18 9 76 103
18 65 20 103
0 63 40 103
75 26 2 103
38 43 23 104
36 1 67 104
9 71 24 104
36 21 47 104
56 31 17 104
51 50 4 105
65 18 22 105
65 26 14 105
39 17 50 106
36 13 57 106
44 35 27 106
6 37 63 106
4 7 95 106
9 72 25 106
53 53 1 107
31 27 49 107
22 3 82 107
31 9 67 107
57 46 4 107
17 3 88 108
69 32 7 108
61 28 19 108
28 59 21 108
30 76 3 109
70 4 35 109
1 33 75 109
27 14 68 109
48 37 24 109
21 74 14 109
43 25 41 109
3 15 91 109
19 82 8 109
67 17 26 110
36 66 8 110
30 71 9 110
42 17 51 110
44 0 66 110
27 4 80 111
6 56 49 111
14 46 51 111
1 93 17 111
26 35 50 111
10 59 42 111
25 85 1 111
5 54 52 111
70 29 12 111
39 8 65 112
96 5 11 112
91 8 13 112
90 14 8 112
9 45 58 112
92 20 0 112
62 19 31 112
7 54 52 113
6 42 66 114
71 7 36 114
5 92 17 114
79 10 25 114
2 67 45 114
0 75 40 115
0 79 36 115
4 23 88 115
6 35 74 115
30 38 47 115
84 31 0 115
83 2 30 115
21 38 56 115
97 0 18 115
23 85 7 115
33 76 6 115
12 64 39 115
15 32 69 116
25 51 40 116
8 79 29 116
84 28 4 116
36 29 51 116
3 26 87 116
11 58 48 117
90 1 26 117
75 5 37 117
15 61 41 117
13 12 93 118
98 20 0 118
47 31 40 118
29 3 86 118
62 22 34 118
73 7 39 119
65 23 31 119
6 81 32 119
40 67 12 119
34 25 60 119
42 72 5 119
41 23 55 119
0 25 94 119
13 23 83 119
3 68 48 119
57 0 63 120
19 96 5 120
20 79 21 120
45 17 59 121
76 7 38 121
4 54 63 121
56 43 22 121
44 3 74 121
28 67 26 121
13 77 31 121
49 32 40 121
93 21 7 121
72 36 14 122
40 21 62 123
33 71 19 123
82 13 28 123
46 42 35 123
52 18 53 123
30 21 72 123
70 3 51 124
2 53 69 124
14 44 66 124
57 50 17 124
13 96 15 124
4 65 55 124
29 63 33 125
25 98 2 125
37 76 12 125
57 16 52 125
62 16 48 126
7 50 69 126
58 36 32 126
42 26 58 126
77 16 33 126
94 0 33 127
51 75 1 127
42 48 37 127
28 44 55 127
29 6 92 127
13 80 34 127
36 63 28 127
17 98 12 127
19 49 59 127
14 60 53 127
67 34 26 127
42 57 29 128
56 39 33 128
37 64 27 128
88 28 12 128
50 71 7 128
2 42 84 128
77 31 20 128
36 81 11 128
51 17 61 129
72 46 11 129
27 80 22 129
56 16 57 129
82 14 33 129
78 3 48 129
17 70 43 130
20 87 23 130
68 18 44 130
91 33 6 130
12 69 49 130
34 73 24 131
6 90 35 131
4 35 92 131
60 37 34 131
78 38 15 131
47 13 71 131
2 46 83 131
63 30 38 131
80 21 30 131
70 37 24 131
12 50 70 132
31 73 28 132
37 20 75 132
66 23 43 132
31 71 30 132
31 53 48 132
38 3 91 132
45 74 13 132
14 39 79 132
16 83 33 132
3 41 88 132
93 12 27 132
58 34 40 132
66 7 59 132
46 43 43 132
42 37 53 132
98 11 24 133
42 20 71 133
94 32 7 133
23 25 85 133
52 41 40 133
34 75 24 133
38 35 60 133
61 41 32 134
42 10 82 134
57 76 1 134
68 27 39 134
3 97 34 134
5 75 54 134
45 37 52 134
39 38 57 134
77 13 45 135
30 64 41 135
36 10 89 135
90 35 10 135
31 12 92 135
6 70 59 135
23 19 93 135
35 26 74 135
43 45 47 135
93 37 6 136
48 47 41 136
11 40 85 136
48 46 42 136
0 69 67 136
83 12 41 136
75 58 3 136
67 35 35 137
31 82 24 137
10 93 34 137
15 48 74 137
67 32 38 137
13 36 88 137
21 93 24 138
35 47 56 138
33 44 61 138
97 32 9 138
8 62 68 138
14 64 60 138
43 26 69 138
8 97 34 139
73 10 56 139
38 96 5 139
68 66 5 139
78 44 17 139
6 38 95 139
15 65 59 139
72 22 45 139
12 55 72 139
90 12 37 139
41 37 62 140
57 39 44 140
58 62 20 140
63 2 75 140
61 66 13 140
37 34 69 140
32 70 38 140
76 4 60 140
71 1 69 141
74 30 37 141
36 69 36 141
63 41 37 141
63 70 8 141
32 35 74 141
8 73 60 141
7 89 46 142
79 56 7 142
90 39 13 142
55 63 24 142
20 93 29 142
25 20 98 143
45 3 95 143
45 51 47 143
71 59 13 143
97 10 36 143
33 35 75 143
46 6 91 143
66 39 38 143
36 88 19 143
89 21 33 143
48 81 14 143
4 79 60 143
62 29 53 144
78 44 22 144
21 57 66 144
55 36 53 144
63 58 23 144
35 47 63 145
92 30 23 145
47 15 83 145
36 37 72 145
85 24 36 145
87 48 10 145
68 40 38 146
69 57 20 146
70 37 39 146
81 9 56 146
36 15 95 146
82 17 47 146
22 72 52 146
45 56 45 146
93 29 24 146
82 20 45 147
7 75 65 147
87 31 29 147
37 63 47 147
58 2 87 147
48 19 80 147
41 41 65 147
37 78 32 147
59 18 70 147
34 43 71 148
52 72 24 148
48 85 15 148
11 85 52 148
32 33 83 148
90 11 47 148
55 50 43 148
62 59 27 148
32 43 73 148
25 92 32 149
78 48 23 149
26 90 33 149
38 14 97 149
1 60 88 149
83 11 55 149
81 4 64 149
38 88 23 149
1 96 52 149
64 2 83 149
29 47 74 150
36 59 55 150
92 10 48 150
32 70 48 150
51 60 39 150
64 12 74 150
8 62 80 150
92 20 39 151
44 70 37 151
80 46 25 151
44 12 95 151
25 66 60 151
83 45 23 151
54 13 84 151
66 40 45 151
17 73 61 151
79 28 44 151
35 37 79 151
29 95 27 151
43 31 78 152
18 98 36 152
25 47 80 152
84 0 68 152
17 38 98 153
70 72 11 153
77 61 15 153
15 83 55 153
91 25 37 153
98 20 35 153
88 40 25 153
54 21 78 153
47 12 94 153
58 49 46 153
30 81 42 153
41 75 37 153
85 27 42 154
96 6 52 154
32 64 58 154
71 20 63 154
52 7 95 154
60 73 21 154
86 0 68 154
81 28 45 154
44 33 77 154
33 68 54 155
52 68 35 155
27 60 68 155
25 69 61 155
20 52 83 155
60 66 29 155
69 1 85 155
79 25 51 155
60 91 4 155
35 90 30 155
10 72 73 155
18 59 79 156
68 4 84 156
75 22 59 156
54 7 95 156
62 27 67 156
30 78 48 156
84 52 20 156
46 42 69 157
55 94 8 157
60 21 76 157
35 60 62 157
61 52 45 158
4 58 96 158
55 11 93 159
13 88 58 159
80 8 71 159
30 42 87 159
13 67 80 160
92 40 28 160
94 47 20 161
45 45 71 161
25 58 78 161
77 73 11 161
67 38 56 161
35 41 85 161
13 51 97 161
23 95 43 161
93 46 22 161
42 43 76 161
27 94 40 161
3 92 66 161
4 91 67 162
8 68 86 162
27 69 66 162
56 67 39 162
27 47 88 162
60 32 70 162
63 52 47 162
73 34 56 163
39 27 97 163
25 62 76 163
44 28 91 163
42 39 82 163
55 21 87 163
62 62 39 163
13 57 93 163
87 14 62 163
56 37 71 164
73 42 49 164
44 47 73 164
58 48 58 164
48 21 95 164
0 90 74 164
8 93 64 165
92 54 19 165
48 24 93 165
61 93 11 165
97 8 60 165
35 71 59 165
19 57 89 165
13 77 76 166
9 98 59 166
25 51 90 166
88 10 68 166
27 63 76 166
3 92 71 166
50 48 68 166
32 92 42 166
83 26 58 167
83 48 36 167
31 43 93 167
38 83 46 167
87 46 34 167
49 69 50 168
48 65 55 168
74 18 76 168
58 30 80 168
6 85 77 168
67 46 55 168
60 83 26 169
65 75 29 169
69 15 85 169
40 93 36 169
47 79 43 169
72 74 24 170
65 71 34 170
32 49 89 170
73 5 92 170
74 37 59 170
73 10 87 170
18 77 75 170
55 38 78 171
20 95 56 171
98 4 69 171
9 73 89 171
51 79 41 171
57 64 50 171
28 58 85 171
54 78 39 171
28 62 81 171
98 73 0 171
59 85 27 171
6 71 95 172
52 73 47 172
34 63 75 172
40 37 95 172
57 86 29 172
74 66 32 172
72 88 12 172
60 50 63 173
80 19 74 173
94 21 58 173
51 50 73 174
64 76 34 174
78 29 67 174
12 85 77 174
71 19 84 174
85 24 65 174
79 58 38 175
38 55 82 175
65 37 73 175
91 77 7 175
43 57 75 175
37 56 82 175
74 63 38 175
60 74 42 176
85 14 77 176
6 94 76 176
63 42 71 176
65 28 83 176
5 75 96 176
65 72 39 176
91 35 51 177
78 7 92 177
95 65 17 177
35 52 90 177
46 80 51 177
66 16 95 177
82 75 21 178
66 85 27 178
76 42 60 178
77 93 8 178
94 71 13 178
89 44 45 178
35 78 65 178
2 79 97 178
64 54 61 179
79 94 6 179
53 31 95 179
64 93 23 180
12 94 74 180
37 90 53 180
77 66 37 180
27 64 89 180
35 78 67 180
66 24 90 180
8 89 83 180
61 78 41 180
60 38 82 180
53 50 78 181
97 67 17 181
82 22 77 181
81 73 27 181
90 80 11 181
18 81 82 181
42 89 51 182
24 85 73 182
98 72 12 182
57 96 29 182
90 38 54 182
63 87 32 182
79 8 95 182
53 55 74 182
23 90 69 182
69 29 85 183
59 83 41 183
46 71 66 183
13 88 82 183
89 32 62 183
16 87 80 183
90 57 36 183
6 97 80 183
93 84 7 184
76 39 69 184
30 86 68 184
78 86 20 184
46 82 56 184
62 94 28 184
66 85 33 184
61 85 38 184
18 90 76 184
60 41 84 185
55 34 96 185
48 93 44 185
32 66 87 185
56 68 61 185
60 91 34 185
85 55 45 185
13 89 83 185
87 0 98 185
35 94 57 186
77 71 38 186
90 47 49 186
38 71 77 186
52 56 78 186
87 32 68 187
6 95 86 187
28 72 87 187
57 71 59 187
77 91 20 188
52 57 79 188
49 94 45 188
30 90 68 188
45 55 88 188
71 38 79 188
95 14 79 188
54 42 93 189
92 46 51 189
13 96 80 189
71 96 22 189
15 79 95 189
61 66 63 190
25 69 96 190
79 19 92 190
54 93 44 191
83 14 94 191
75 41 75 191
73 89 29 191
40 76 75 191
87 17 87 191
53 46 92 191
58 89 44 191
19 89 84 192
71 87 34 192
60 44 88 192
39 68 85 192
81 74 37 192
82 57 53 192
71 90 31 192
88 89 15 192
94 6 92 192
53 52 88 193
26 77 90 193
97 94 2 193
62 49 82 193
87 63 44 194
85 11 98 194
74 31 89 194
71 98 25 194
50 71 74 195
39 84 72 195
36 91 68 195
33 78 84 195
89 12 94 195
98 33 65 196
90 10 96 196
20 82 94 196
90 84 22 196
31 72 93 196
71 70 55 196
65 64 68 197
87 58 52 197
95 76 26 197
72 38 87 197
31 89 77 197
74 64 59 197
93 49 55 197
39 84 75 198
47 79 73 199
95 30 74 199
10 96 93 199
91 76 32 199
94 89 16 199
65 69 65 199
81 63 55 199
97 98 5 200
66 49 85 200
94 70 36 200
91 86 23 200
57 86 57 200
62 89 50 201
73 86 42 201
94 66 41 201
82 50 69 201
11 98 92 201
78 88 35 201
86 48 68 202
80 60 62 202
89 26 87 202
47 88 67 202
90 26 87 203
13 93 97 203
59 98 46 203
79 63 61 203
97 45 61 203
41 98 65 204
87 35 82 204
92 35 77 204
73 91 40 204
59 85 61 205
85 63 57 205
77 87 41 205
67 96 42 205
48 69 88 205
85 65 55 205
67 57 81 205
88 22 96 206
95 90 21 206
82 50 74 206
93 67 46 206
66 91 49 206
53 90 64 207
52 59 96 207
82 95 31 208
66 68 74 208
57 98 53 208
86 24 98 208
55 68 85 208
92 41 76 209
98 47 64 209
81 80 48 209
77 72 61 210
63 72 75 210
41 74 95 210
59 98 54 211
44 85 82 211
61 63 88 212
58 98 56 212
59 78 75 212
38 97 77 212
36 80 97 213
77 63 73 213
93 68 52 213
59 93 61 213
64 56 94 214
87 59 68 214
75 79 61 215
61 64 90 215
43 85 87 215
52 86 77 215
80 76 60 216
62 71 83 216
88 59 69 216
87 32 97 216
58 71 88 217
41 81 95 217
59 75 83 217
68 67 82 217
72 50 95 217
31 93 94 218
59 97 63 219
95 67 57 219
89 67 63 219
95 86 38 219
88 76 55 219
75 83 61 219
85 61 73 219
47 91 82 220
95 88 37 220
81 85 54 220
69 84 68 221
94 81 46 221
29 95 97 221
90 50 82 222
95 96 32 223
74 94 56 224
53 86 85 224
79 81 64 224
86 85 53 224
85 97 42 224
78 50 96 224
53 81 90 224
95 70 60 225
88 86 51 225
62 76 87 225
77 61 88 226
57 89 81 227
83 87 57 227
87 76 64 227
90 87 51 228
52 93 84 229
84 90 55 229
87 75 67 229
83 63 84 230
74 65 93 232
43 94 95 232
70 66 96 232
75 85 73 233
59 94 81 234
79 83 72 234
66 93 75 234
93 56 87 236
89 55 93 237
86 75 77 238
84 95 60 239
64 82 93 239
93 50 97 240
54 96 91 241
81 79 81 241
84 98 59 241
94 63 85 242
69 81 92 242
89 91 62 242
58 93 92 243
77 70 96 243
86 70 88 244
96 78 73 247
86 86 75 247
76 92 84 252
83 77 92 252
88 81 86 255
85 87 84 256
75 86 96 257
91 89 79 259
85 89 87 261
96 85 82 263
97 82 85 264
97 83 91 271
87 91 96 274
93 89 92 274
98 91 89 278
89 98 93 280
Total Time Elapsed during Insertion sort in nanoseconds :10586600