2 3 6 11
5 20 18 43
19 6 20 45
0 45 1 46
12 9 35 56
14 11 32 57
5 57 0 62
34 18 11 63
38 36 1 75
36 37 8 81
73 3 6 82
0 83 5 88
7 28 57 92
68 20 8 96
68 10 23 101
9 51 44 104
56 0 48 104
40 64 3 107
15 5 90 110
23 39 50 112
21 15 76 112
89 23 1 113
3 91 19 113
3 44 66 113
20 84 12 116
41 24 52 117
77 1 39 117
30 76 13 119
53 20 46 119
45 14 60 119
39 16 65 120
26 15 80 121
42 9 73 124
18 19 88 125
39 61 25 125
10 60 55 125
25 55 47 127
26 26 76 128
49 3 76 128
3 71 55 129
50 62 17 129
46 22 62 130
62 61 8 131
95 24 13 132
48 15 69 132
78 43 12 133
52 13 68 133
60 37 38 135
33 44 58 135
39 78 19 136
68 17 51 136
19 23 95 137
29 27 81 137
18 80 43 141
85 3 53 141
26 54 61 141
90 18 35 143
63 39 47 149
70 15 65 150
60 26 65 151
80 71 2 153
68 14 74 156
35 89 33 157
71 40 49 160
42 28 90 160
49 74 38 161
74 68 21 163
77 57 33 167
70 35 63 168
74 13 82 169
64 73 32 169
74 22 73 169
68 11 91 170
43 76 53 172
28 56 92 176
97 18 62 177
84 45 48 177
41 76 62 179
83 16 83 182
25 80 79 184
35 58 91 184
57 34 93 184
32 76 76 184
46 53 89 188
74 41 74 189
69 40 80 189
83 50 65 198
77 57 66 200
78 89 34 201
89 55 60 204
91 47 67 205
68 96 43 207
67 86 64 217
83 96 45 224
76 93 58 227
85 89 62 236
88 88 60 236
89 52 96 237
96 59 85 240
96 63 84 243
Total Time Elapsed during Merge sort in nanoseconds :270800