12 8 4 24
13 14 5 32
18 6 9 33
11 11 12 34
31 0 6 37
0 5 32 37
19 7 13 39
11 7 21 39
5 30 4 39
15 1 27 43
2 2 39 43
14 20 10 44
8 7 29 44
8 22 16 46
26 5 15 46
8 14 26 48
29 19 0 48
4 12 32 48
36 15 0 51
8 38 6 52
19 5 29 53
1 52 0 53
27 23 3 53
3 31 19 53
19 32 2 53
29 15 10 54
4 44 7 55
28 22 5 55
22 26 7 55
18 21 16 55
9 35 12 56
15 16 26 57
51 1 5 57
5 29 25 59
3 50 6 59
5 42 12 59
52 5 3 60
20 6 34 60
0 13 47 60
9 33 19 61
42 16 4 62
0 52 11 63
16 30 17 63
25 0 39 64
3 19 42 64
45 16 3 64
5 40 19 64
48 15 2 65
0 39 27 66
4 62 0 66
53 2 12 67
8 17 42 67
16 50 2 68
16 12 40 68
1 33 35 69
61 2 6 69
8 47 14 69
35 2 32 69
38 5 27 70
58 4 8 70
39 18 13 70
1 8 63 72
39 16 17 72
61 7 5 73
4 64 5 73
8 33 32 73
31 33 10 74
15 19 40 74
23 16 35 74
23 4 48 75
7 14 54 75
14 36 25 75
19 17 39 75
1 43 32 76
13 63 0 76
47 4 25 76
53 9 14 76
45 16 15 76
57 7 12 76
26 9 42 77
70 1 6 77
18 57 3 78
10 43 26 79
7 10 62 79
58 0 22 80
40 18 22 80
32 22 26 80
0 20 60 80
24 22 34 80
58 22 0 80
66 12 2 80
17 49 14 80
31 13 37 81
6 51 24 81
31 10 40 81
26 52 3 81
1 75 6 82
72 2 8 82
35 10 37 82
36 23 23 82
47 10 26 83
24 25 34 83
40 16 27 83
12 22 50 84
31 11 42 84
47 0 37 84
36 32 16 84
49 16 20 85
41 35 9 85
70 6 9 85
7 32 46 85
11 3 71 85
19 16 51 86
9 28 49 86
3 3 80 86
30 21 35 86
23 35 29 87
62 0 25 87
29 33 25 87
30 55 3 88
39 28 21 88
33 52 4 89
43 33 13 89
14 56 19 89
10 20 59 89
4 52 33 89
42 19 29 90
58 2 30 90
3 6 81 90
36 35 19 90
20 4 67 91
10 3 78 91
4 26 62 92
3 10 79 92
59 1 32 92
21 38 33 92
3 80 9 92
29 22 42 93
15 39 39 93
15 26 52 93
4 14 75 93
55 12 27 94
23 46 25 94
47 28 19 94
2 51 42 95
28 21 46 95
54 2 39 95
2 11 82 95
51 37 7 95
12 43 41 96
23 50 23 96
68 19 9 96
62 11 23 96
27 10 59 96
37 3 57 97
71 4 22 97
32 1 64 97
14 55 28 97
10 66 22 98
64 30 4 98
58 38 2 98
9 29 60 98
38 28 32 98
4 13 81 98
17 34 47 98
38 36 24 98
18 73 8 99
11 37 51 99
20 50 29 99
61 36 2 99
6 87 6 99
2 1 96 99
62 2 36 100
45 14 41 100
10 42 48 100
4 94 2 100
16 36 48 100
27 10 63 100
38 5 57 100
26 27 47 100
53 38 9 100
92 3 5 100
54 26 20 100
47 47 7 101
46 35 20 101
0 57 44 101
27 20 54 101
11 14 76 101
7 88 6 101
43 21 37 101
21 36 44 101
22 56 23 101
19 64 19 102
57 43 2 102
58 44 0 102
2 21 79 102
75 26 2 103
0 63 40 103
18 65 20 103
18 9 76 103
0 51 52 103
25 21 57 103
90 12 1 103
56 31 17 104
36 21 47 104
9 71 24 104
36 1 67 104
38 43 23 104
65 26 14 105
65 18 22 105
51 50 4 105
9 72 25 106
4 7 95 106
6 37 63 106
44 35 27 106
36 13 57 106
39 17 50 106
57 46 4 107
31 9 67 107
22 3 82 107
31 27 49 107
53 53 1 107
28 59 21 108
61 28 19 108
69 32 7 108
17 3 88 108
19 82 8 109
3 15 91 109
43 25 41 109
21 74 14 109
48 37 24 109
27 14 68 109
1 33 75 109
70 4 35 109
30 76 3 109
44 0 66 110
42 17 51 110
30 71 9 110
36 66 8 110
67 17 26 110
70 29 12 111
5 54 52 111
25 85 1 111
10 59 42 111
26 35 50 111
1 93 17 111
14 46 51 111
6 56 49 111
27 4 80 111
62 19 31 112
92 20 0 112
9 45 58 112
90 14 8 112
91 8 13 112
96 5 11 112
39 8 65 112
7 54 52 113
2 67 45 114
79 10 25 114
5 92 17 114
71 7 36 114
6 42 66 114
12 64 39 115
33 76 6 115
23 85 7 115
97 0 18 115
21 38 56 115
83 2 30 115
84 31 0 115
30 38 47 115
6 35 74 115
4 23 88 115
0 79 36 115
0 75 40 115
3 26 87 116
36 29 51 116
84 28 4 116
8 79 29 116
25 51 40 116
15 32 69 116
15 61 41 117
75 5 37 117
90 1 26 117
11 58 48 117
62 22 34 118
29 3 86 118
47 31 40 118
98 20 0 118
13 12 93 118
3 68 48 119
13 23 83 119
0 25 94 119
41 23 55 119
42 72 5 119
34 25 60 119
40 67 12 119
6 81 32 119
65 23 31 119
73 7 39 119
20 79 21 120
19 96 5 120
57 0 63 120
93 21 7 121
49 32 40 121
13 77 31 121
28 67 26 121
44 3 74 121
56 43 22 121
4 54 63 121
76 7 38 121
45 17 59 121
72 36 14 122
30 21 72 123
52 18 53 123
46 42 35 123
82 13 28 123
33 71 19 123
40 21 62 123
4 65 55 124
13 96 15 124
57 50 17 124
14 44 66 124
2 53 69 124
70 3 51 124
57 16 52 125
37 76 12 125
25 98 2 125
29 63 33 125
77 16 33 126
42 26 58 126
58 36 32 126
7 50 69 126
62 16 48 126
67 34 26 127
14 60 53 127
19 49 59 127
17 98 12 127
36 63 28 127
13 80 34 127
29 6 92 127
28 44 55 127
42 48 37 127
51 75 1 127
94 0 33 127
36 81 11 128
77 31 20 128
2 42 84 128
50 71 7 128
88 28 12 128
37 64 27 128
56 39 33 128
42 57 29 128
78 3 48 129
82 14 33 129
56 16 57 129
27 80 22 129
72 46 11 129
51 17 61 129
12 69 49 130
91 33 6 130
68 18 44 130
20 87 23 130
17 70 43 130
70 37 24 131
80 21 30 131
63 30 38 131
2 46 83 131
47 13 71 131
78 38 15 131
60 37 34 131
4 35 92 131
6 90 35 131
34 73 24 131
42 37 53 132
46 43 43 132
66 7 59 132
58 34 40 132
93 12 27 132
3 41 88 132
16 83 33 132
14 39 79 132
45 74 13 132
38 3 91 132
31 53 48 132
31 71 30 132
66 23 43 132
37 20 75 132
31 73 28 132
12 50 70 132
38 35 60 133
34 75 24 133
52 41 40 133
23 25 85 133
94 32 7 133
42 20 71 133
98 11 24 133
39 38 57 134
45 37 52 134
5 75 54 134
3 97 34 134
68 27 39 134
57 76 1 134
42 10 82 134
61 41 32 134
43 45 47 135
35 26 74 135
23 19 93 135
6 70 59 135
31 12 92 135
90 35 10 135
36 10 89 135
30 64 41 135
77 13 45 135
75 58 3 136
83 12 41 136
0 69 67 136
48 46 42 136
11 40 85 136
48 47 41 136
93 37 6 136
13 36 88 137
67 32 38 137
15 48 74 137
10 93 34 137
31 82 24 137
67 35 35 137
43 26 69 138
14 64 60 138
8 62 68 138
97 32 9 138
33 44 61 138
35 47 56 138
21 93 24 138
90 12 37 139
12 55 72 139
72 22 45 139
15 65 59 139
6 38 95 139
78 44 17 139
68 66 5 139
38 96 5 139
73 10 56 139
8 97 34 139
76 4 60 140
32 70 38 140
37 34 69 140
61 66 13 140
63 2 75 140
58 62 20 140
57 39 44 140
41 37 62 140
8 73 60 141
32 35 74 141
63 70 8 141
63 41 37 141
36 69 36 141
74 30 37 141
71 1 69 141
20 93 29 142
55 63 24 142
90 39 13 142
79 56 7 142
7 89 46 142
4 79 60 143
48 81 14 143
89 21 33 143
36 88 19 143
66 39 38 143
46 6 91 143
33 35 75 143
97 10 36 143
71 59 13 143
45 51 47 143
45 3 95 143
25 20 98 143
63 58 23 144
55 36 53 144
21 57 66 144
78 44 22 144
62 29 53 144
87 48 10 145
85 24 36 145
36 37 72 145
47 15 83 145
92 30 23 145
35 47 63 145
93 29 24 146
45 56 45 146
22 72 52 146
82 17 47 146
36 15 95 146
81 9 56 146
70 37 39 146
69 57 20 146
68 40 38 146
59 18 70 147
37 78 32 147
41 41 65 147
48 19 80 147
58 2 87 147
37 63 47 147
87 31 29 147
7 75 65 147
82 20 45 147
32 43 73 148
62 59 27 148
55 50 43 148
90 11 47 148
32 33 83 148
11 85 52 148
48 85 15 148
52 72 24 148
34 43 71 148
64 2 83 149
1 96 52 149
38 88 23 149
81 4 64 149
83 11 55 149
1 60 88 149
38 14 97 149
26 90 33 149
78 48 23 149
25 92 32 149
8 62 80 150
64 12 74 150
51 60 39 150
32 70 48 150
92 10 48 150
36 59 55 150
29 47 74 150
29 95 27 151
35 37 79 151
79 28 44 151
17 73 61 151
66 40 45 151
54 13 84 151
83 45 23 151
25 66 60 151
44 12 95 151
80 46 25 151
44 70 37 151
92 20 39 151
84 0 68 152
25 47 80 152
18 98 36 152
43 31 78 152
41 75 37 153
30 81 42 153
58 49 46 153
47 12 94 153
54 21 78 153
88 40 25 153
98 20 35 153
91 25 37 153
15 83 55 153
77 61 15 153
70 72 11 153
17 38 98 153
44 33 77 154
81 28 45 154
86 0 68 154
60 73 21 154
52 7 95 154
71 20 63 154
32 64 58 154
96 6 52 154
85 27 42 154
10 72 73 155
35 90 30 155
60 91 4 155
79 25 51 155
69 1 85 155
60 66 29 155
20 52 83 155
25 69 61 155
27 60 68 155
52 68 35 155
33 68 54 155
84 52 20 156
30 78 48 156
62 27 67 156
54 7 95 156
75 22 59 156
68 4 84 156
18 59 79 156
35 60 62 157
60 21 76 157
55 94 8 157
46 42 69 157
4 58 96 158
61 52 45 158
30 42 87 159
80 8 71 159
13 88 58 159
55 11 93 159
92 40 28 160
13 67 80 160
3 92 66 161
27 94 40 161
42 43 76 161
93 46 22 161
23 95 43 161
13 51 97 161
35 41 85 161
67 38 56 161
77 73 11 161
25 58 78 161
45 45 71 161
94 47 20 161
63 52 47 162
60 32 70 162
27 47 88 162
56 67 39 162
27 69 66 162
8 68 86 162
4 91 67 162
87 14 62 163
13 57 93 163
62 62 39 163
55 21 87 163
42 39 82 163
44 28 91 163
25 62 76 163
39 27 97 163
73 34 56 163
0 90 74 164
48 21 95 164
58 48 58 164
44 47 73 164
73 42 49 164
56 37 71 164
19 57 89 165
35 71 59 165
97 8 60 165
61 93 11 165
48 24 93 165
92 54 19 165
8 93 64 165
32 92 42 166
50 48 68 166
3 92 71 166
27 63 76 166
88 10 68 166
25 51 90 166
9 98 59 166
13 77 76 166
87 46 34 167
38 83 46 167
31 43 93 167
83 48 36 167
83 26 58 167
67 46 55 168
6 85 77 168
58 30 80 168
74 18 76 168
48 65 55 168
49 69 50 168
47 79 43 169
40 93 36 169
69 15 85 169
65 75 29 169
60 83 26 169
18 77 75 170
73 10 87 170
74 37 59 170
73 5 92 170
32 49 89 170
65 71 34 170
72 74 24 170
59 85 27 171
98 73 0 171
28 62 81 171
54 78 39 171
28 58 85 171
57 64 50 171
51 79 41 171
9 73 89 171
98 4 69 171
20 95 56 171
55 38 78 171
72 88 12 172
74 66 32 172
57 86 29 172
40 37 95 172
34 63 75 172
52 73 47 172
6 71 95 172
94 21 58 173
80 19 74 173
60 50 63 173
85 24 65 174
71 19 84 174
12 85 77 174
78 29 67 174
64 76 34 174
51 50 73 174
74 63 38 175
37 56 82 175
43 57 75 175
91 77 7 175
65 37 73 175
38 55 82 175
79 58 38 175
65 72 39 176
5 75 96 176
65 28 83 176
63 42 71 176
6 94 76 176
85 14 77 176
60 74 42 176
66 16 95 177
46 80 51 177
35 52 90 177
95 65 17 177
78 7 92 177
91 35 51 177
2 79 97 178
35 78 65 178
89 44 45 178
94 71 13 178
77 93 8 178
76 42 60 178
66 85 27 178
82 75 21 178
53 31 95 179
79 94 6 179
64 54 61 179
60 38 82 180
61 78 41 180
8 89 83 180
66 24 90 180
35 78 67 180
27 64 89 180
77 66 37 180
37 90 53 180
12 94 74 180
64 93 23 180
18 81 82 181
90 80 11 181
81 73 27 181
82 22 77 181
97 67 17 181
53 50 78 181
23 90 69 182
53 55 74 182
79 8 95 182
63 87 32 182
90 38 54 182
57 96 29 182
98 72 12 182
24 85 73 182
42 89 51 182
6 97 80 183
90 57 36 183
16 87 80 183
89 32 62 183
13 88 82 183
46 71 66 183
59 83 41 183
69 29 85 183
18 90 76 184
61 85 38 184
66 85 33 184
62 94 28 184
46 82 56 184
78 86 20 184
30 86 68 184
76 39 69 184
93 84 7 184
87 0 98 185
13 89 83 185
85 55 45 185
60 91 34 185
56 68 61 185
32 66 87 185
48 93 44 185
55 34 96 185
60 41 84 185
52 56 78 186
38 71 77 186
90 47 49 186
77 71 38 186
35 94 57 186
57 71 59 187
28 72 87 187
6 95 86 187
87 32 68 187
95 14 79 188
71 38 79 188
45 55 88 188
30 90 68 188
49 94 45 188
52 57 79 188
77 91 20 188
15 79 95 189
71 96 22 189
13 96 80 189
92 46 51 189
54 42 93 189
79 19 92 190
25 69 96 190
61 66 63 190
58 89 44 191
53 46 92 191
87 17 87 191
40 76 75 191
73 89 29 191
75 41 75 191
83 14 94 191
54 93 44 191
94 6 92 192
88 89 15 192
71 90 31 192
82 57 53 192
81 74 37 192
39 68 85 192
60 44 88 192
71 87 34 192
19 89 84 192
62 49 82 193
97 94 2 193
26 77 90 193
53 52 88 193
71 98 25 194
74 31 89 194
85 11 98 194
87 63 44 194
89 12 94 195
33 78 84 195
36 91 68 195
39 84 72 195
50 71 74 195
71 70 55 196
31 72 93 196
90 84 22 196
20 82 94 196
90 10 96 196
98 33 65 196
93 49 55 197
74 64 59 197
31 89 77 197
72 38 87 197
95 76 26 197
87 58 52 197
65 64 68 197
39 84 75 198
81 63 55 199
65 69 65 199
94 89 16 199
91 76 32 199
10 96 93 199
95 30 74 199
47 79 73 199
57 86 57 200
91 86 23 200
94 70 36 200
66 49 85 200
97 98 5 200
78 88 35 201
11 98 92 201
82 50 69 201
94 66 41 201
73 86 42 201
62 89 50 201
47 88 67 202
89 26 87 202
80 60 62 202
86 48 68 202
97 45 61 203
79 63 61 203
59 98 46 203
13 93 97 203
90 26 87 203
73 91 40 204
92 35 77 204
87 35 82 204
41 98 65 204
67 57 81 205
85 65 55 205
48 69 88 205
67 96 42 205
77 87 41 205
85 63 57 205
59 85 61 205
66 91 49 206
93 67 46 206
82 50 74 206
95 90 21 206
88 22 96 206
52 59 96 207
53 90 64 207
55 68 85 208
86 24 98 208
57 98 53 208
66 68 74 208
82 95 31 208
81 80 48 209
98 47 64 209
92 41 76 209
41 74 95 210
63 72 75 210
77 72 61 210
44 85 82 211
59 98 54 211
38 97 77 212
59 78 75 212
58 98 56 212
61 63 88 212
59 93 61 213
93 68 52 213
77 63 73 213
36 80 97 213
87 59 68 214
64 56 94 214
52 86 77 215
43 85 87 215
61 64 90 215
75 79 61 215
87 32 97 216
88 59 69 216
62 71 83 216
80 76 60 216
72 50 95 217
68 67 82 217
59 75 83 217
41 81 95 217
58 71 88 217
31 93 94 218
85 61 73 219
75 83 61 219
88 76 55 219
95 86 38 219
89 67 63 219
95 67 57 219
59 97 63 219
81 85 54 220
95 88 37 220
47 91 82 220
29 95 97 221
94 81 46 221
69 84 68 221
90 50 82 222
95 96 32 223
53 81 90 224
78 50 96 224
85 97 42 224
86 85 53 224
79 81 64 224
53 86 85 224
74 94 56 224
62 76 87 225
88 86 51 225
95 70 60 225
77 61 88 226
87 76 64 227
83 87 57 227
57 89 81 227
90 87 51 228
87 75 67 229
84 90 55 229
52 93 84 229
83 63 84 230
70 66 96 232
43 94 95 232
74 65 93 232
75 85 73 233
66 93 75 234
79 83 72 234
59 94 81 234
93 56 87 236
89 55 93 237
86 75 77 238
64 82 93 239
84 95 60 239
93 50 97 240
84 98 59 241
81 79 81 241
54 96 91 241
89 91 62 242
69 81 92 242
94 63 85 242
77 70 96 243
58 93 92 243
86 70 88 244
86 86 75 247
96 78 73 247
83 77 92 252
76 92 84 252
88 81 86 255
85 87 84 256
75 86 96 257
91 89 79 259
85 89 87 261
96 85 82 263
97 82 85 264
97 83 91 271
93 89 92 274
87 91 96 274
98 91 89 278
89 98 93 280
Total Time Elapsed during Merge sort in nanoseconds :3583400